Rk,Score,PtsW,PtsL,PtTot,PD,Count,,Last Gameâ–¼
1,28-27,28,27,55,1,40,all games,Tennessee Titans vs. Miami Dolphins December 11 2023
2,24-22,24,22,46,2,34,all games,New York Giants vs. Green Bay Packers December 11 2023
3,20-17,20,17,37,3,287,all games,Buffalo Bills vs. Kansas City Chiefs December 10 2023
4,24-7,24,7,31,17,83,all games,Denver Broncos vs. Los Angeles Chargers December 10 2023
5,3-0,3,0,3,3,60,all games,Minnesota Vikings vs. Las Vegas Raiders December 10 2023
6,34-14,34,14,48,20,60,all games,Cincinnati Bengals vs. Indianapolis Colts December 10 2023
7,31-27,31,27,58,4,55,all games,Cleveland Browns vs. Jacksonville Jaguars December 10 2023
8,28-13,28,13,41,15,39,all games,Chicago Bears vs. Detroit Lions December 10 2023
9,37-31,37,31,68,6,30,all games,Baltimore Ravens vs. Los Angeles Rams December 10 2023
10,28-16,28,16,44,12,24,all games,San Francisco 49ers vs. Seattle Seahawks December 10 2023
11,28-6,28,6,34,22,19,all games,New Orleans Saints vs. Carolina Panthers December 10 2023
12,33-13,33,13,46,20,17,all games,Dallas Cowboys vs. Philadelphia Eagles December 10 2023
13,30-6,30,6,36,24,15,all games,New York Jets vs. Houston Texans December 10 2023
14,29-25,29,25,54,4,4,all games,Tampa Bay Buccaneers vs. Atlanta Falcons December 10 2023
15,21-18,21,18,39,3,16,all games,New England Patriots vs. Pittsburgh Steelers December 7 2023
16,34-31,34,31,65,3,79,all games,Cincinnati Bengals vs. Jacksonville Jaguars December 4 2023
17,24-10,24,10,34,14,137,all games,Arizona Cardinals vs. Pittsburgh Steelers December 3 2023
18,31-28,31,28,59,3,90,all games,Indianapolis Colts vs. Tennessee Titans December 3 2023
19,6-0,6,0,6,6,80,all games,Los Angeles Chargers vs. New England Patriots December 3 2023
20,22-17,22,17,39,5,25,all games,Houston Texans vs. Denver Broncos December 3 2023
21,27-19,27,19,46,8,21,all games,Green Bay Packers vs. Kansas City Chiefs December 3 2023
22,33-28,33,28,61,5,10,all games,Detroit Lions vs. New Orleans Saints December 3 2023
23,42-19,42,19,61,23,4,all games,San Francisco 49ers vs. Philadelphia Eagles December 3 2023
24,13-8,13,8,21,5,2,all games,Atlanta Falcons vs. New York Jets December 3 2023
25,36-19,36,19,55,17,2,all games,Los Angeles Rams vs. Cleveland Browns December 3 2023
26,45-15,45,15,60,30,1,all games,Miami Dolphins vs. Washington Commanders December 3 2023
27,41-35,41,35,76,6,8,all games,Dallas Cowboys vs. Seattle Seahawks November 30 2023
28,12-10,12,10,22,2,21,all games,Chicago Bears vs. Minnesota Vikings November 27 2023
29,24-21,24,21,45,3,157,all games,Jacksonville Jaguars vs. Houston Texans November 26 2023
30,17-10,17,10,27,7,146,all games,Tennessee Titans vs. Carolina Panthers November 26 2023
31,27-20,27,20,47,7,127,all games,Indianapolis Colts vs. Tampa Bay Buccaneers November 26 2023
32,20-10,20,10,30,10,123,all games,Baltimore Ravens vs. Los Angeles Chargers November 26 2023
33,31-17,31,17,48,14,103,all games,Kansas City Chiefs vs. Las Vegas Raiders November 26 2023
34,10-7,10,7,17,3,86,all games,New York Giants vs. New England Patriots November 26 2023
35,16-10,16,10,26,6,82,all games,Pittsburgh Steelers vs. Cincinnati Bengals November 26 2023
36,37-34,37,34,71,3,36,all games,Philadelphia Eagles vs. Buffalo Bills November 26 2023
37,37-14,37,14,51,23,35,all games,Los Angeles Rams vs. Arizona Cardinals November 26 2023
38,24-15,24,15,39,9,9,all games,Atlanta Falcons vs. New Orleans Saints November 26 2023
39,29-12,29,12,41,17,1,all games,Denver Broncos vs. Cleveland Browns November 26 2023
40,34-13,34,13,47,21,43,all games,Miami Dolphins vs. New York Jets November 24 2023
41,31-13,31,13,44,18,63,all games,San Francisco 49ers vs. Seattle Seahawks November 23 2023
42,45-10,45,10,55,35,20,all games,Dallas Cowboys vs. Washington Commanders November 23 2023
43,29-22,29,22,51,7,8,all games,Green Bay Packers vs. Detroit Lions November 23 2023
44,21-17,21,17,38,4,106,all games,Philadelphia Eagles vs. Kansas City Chiefs November 20 2023
45,23-20,23,20,43,3,201,all games,Green Bay Packers vs. Los Angeles Chargers November 19 2023
46,13-10,13,10,23,3,169,all games,Cleveland Browns vs. Pittsburgh Steelers November 19 2023
47,20-13,20,13,33,7,115,all games,Miami Dolphins vs. Las Vegas Raiders November 19 2023
48,27-14,27,14,41,13,84,all games,San Francisco 49ers vs. Tampa Bay Buccaneers November 19 2023
49,17-16,17,16,33,1,84,all games,Los Angeles Rams vs. Seattle Seahawks November 19 2023
50,21-20,21,20,41,1,71,all games,Denver Broncos vs. Minnesota Vikings November 19 2023
51,21-16,21,16,37,5,48,all games,Houston Texans vs. Arizona Cardinals November 19 2023
52,31-26,31,26,57,5,20,all games,Detroit Lions vs. Chicago Bears November 19 2023
53,31-19,31,19,50,12,16,all games,New York Giants vs. Washington Commanders November 19 2023
54,33-10,33,10,43,23,13,all games,Dallas Cowboys vs. Carolina Panthers November 19 2023
55,32-6,32,6,38,26,7,all games,Buffalo Bills vs. New York Jets November 19 2023
56,34-20,34,20,54,14,51,all games,Baltimore Ravens vs. Cincinnati Bengals November 16 2023
57,30-27,30,27,57,3,91,all games,Houston Texans vs. Cincinnati Bengals November 12 2023
58,10-6,10,6,16,4,60,all games,Indianapolis Colts vs. New England Patriots November 12 2023
59,20-6,20,6,26,14,56,all games,Tampa Bay Buccaneers vs. Tennessee Titans November 12 2023
60,34-3,34,3,37,31,32,all games,San Francisco 49ers vs. Jacksonville Jaguars November 12 2023
61,41-38,41,38,79,3,21,all games,Detroit Lions vs. Los Angeles Chargers November 12 2023
62,23-19,23,19,42,4,18,all games,Pittsburgh Steelers vs. Green Bay Packers November 12 2023
63,16-12,16,12,28,4,14,all games,Las Vegas Raiders vs. New York Jets November 12 2023
64,33-31,33,31,64,2,14,all games,Cleveland Browns vs. Baltimore Ravens November 12 2023
65,29-26,29,26,55,3,11,all games,Seattle Seahawks vs. Washington Commanders November 12 2023
66,25-23,25,23,48,2,10,all games,Arizona Cardinals vs. Atlanta Falcons November 12 2023
67,49-17,49,17,66,32,8,all games,Dallas Cowboys vs. New York Giants November 12 2023
68,16-13,16,13,29,3,145,all games,Chicago Bears vs. Carolina Panthers November 9 2023
69,27-6,27,6,33,21,36,all games,Los Angeles Chargers vs. New York Jets November 6 2023
70,24-17,24,17,41,7,177,all games,New Orleans Saints vs. Chicago Bears November 5 2023
71,21-14,21,14,35,7,97,all games,Kansas City Chiefs vs. Miami Dolphins November 5 2023
72,27-13,27,13,40,14,75,all games,Indianapolis Colts vs. Carolina Panthers November 5 2023
73,27-0,27,0,27,27,66,all games,Cleveland Browns vs. Arizona Cardinals November 5 2023
74,20-3,20,3,23,17,64,all games,Green Bay Packers vs. Los Angeles Rams November 5 2023
75,28-23,28,23,51,5,32,all games,Philadelphia Eagles vs. Dallas Cowboys November 5 2023
76,37-3,37,3,40,34,13,all games,Baltimore Ravens vs. Seattle Seahawks November 5 2023
77,24-18,24,18,42,6,7,all games,Cincinnati Bengals vs. Buffalo Bills November 5 2023
78,39-37,39,37,76,2,1,all games,Houston Texans vs. Tampa Bay Buccaneers November 5 2023
79,20-16,20,16,36,4,64,all games,Pittsburgh Steelers vs. Tennessee Titans November 2 2023
80,26-14,26,14,40,12,41,all games,Detroit Lions vs. Las Vegas Raiders October 30 2023
81,24-20,24,20,44,4,118,all games,Seattle Seahawks vs. Cleveland Browns October 29 2023
82,31-24,31,24,55,7,91,all games,Baltimore Ravens vs. Arizona Cardinals October 29 2023
83,30-13,30,13,43,17,42,all games,Los Angeles Chargers vs. Chicago Bears October 29 2023
84,38-31,38,31,69,7,38,all games,Philadelphia Eagles vs. Washington Commanders October 29 2023
85,24-9,24,9,33,15,25,all games,Denver Broncos vs. Kansas City Chiefs October 29 2023
86,15-13,15,13,28,2,18,all games,Carolina Panthers vs. Houston Texans October 29 2023
87,38-27,38,27,65,11,15,all games,New Orleans Saints vs. Indianapolis Colts October 29 2023
88,43-20,43,20,63,23,1,all games,Dallas Cowboys vs. Los Angeles Rams October 29 2023
89,14-7,14,7,21,7,90,all games,New York Giants vs. Washington Commanders October 22 2023
90,19-17,19,17,36,2,57,all games,Denver Broncos vs. Green Bay Packers October 22 2023
91,38-6,38,6,44,32,11,all games,Baltimore Ravens vs. Detroit Lions October 22 2023
92,30-12,30,12,42,18,10,all games,Chicago Bears vs. Las Vegas Raiders October 22 2023
93,39-38,39,38,77,1,4,all games,Cleveland Browns vs. Indianapolis Colts October 22 2023
94,17-13,17,13,30,4,108,all games,Cincinnati Bengals vs. Seattle Seahawks October 15 2023
95,20-14,20,14,34,6,97,all games,New York Jets vs. Philadelphia Eagles October 15 2023
96,24-16,24,16,40,8,54,all games,Baltimore Ravens vs. Tennessee Titans October 15 2023
97,19-13,19,13,32,6,50,all games,Minnesota Vikings vs. Chicago Bears October 15 2023
98,14-9,14,9,23,5,27,all games,Buffalo Bills vs. New York Giants October 15 2023
99,42-21,42,21,63,21,24,all games,Miami Dolphins vs. Carolina Panthers October 15 2023
100,37-20,37,20,57,17,23,all games,Jacksonville Jaguars vs. Indianapolis Colts October 15 2023
101,26-9,26,9,35,17,11,all games,Los Angeles Rams vs. Arizona Cardinals October 15 2023
102,19-8,19,8,27,11,2,all games,Kansas City Chiefs vs. Denver Broncos October 12 2023
103,31-21,31,21,52,10,82,all games,New York Jets vs. Denver Broncos October 8 2023
104,23-16,23,16,39,7,50,all games,Indianapolis Colts vs. Tennessee Titans October 8 2023
105,23-14,23,14,37,9,50,all games,Philadelphia Eagles vs. Los Angeles Rams October 8 2023
106,34-0,34,0,34,34,46,all games,New Orleans Saints vs. New England Patriots October 8 2023
107,21-19,21,19,40,2,29,all games,Atlanta Falcons vs. Houston Texans October 8 2023
108,31-16,31,16,47,15,23,all games,Miami Dolphins vs. New York Giants October 8 2023
109,25-20,25,20,45,5,20,all games,Jacksonville Jaguars vs. Buffalo Bills October 8 2023
110,42-10,42,10,52,32,19,all games,San Francisco 49ers vs. Dallas Cowboys October 8 2023
111,42-24,42,24,66,18,13,all games,Detroit Lions vs. Carolina Panthers October 8 2023
112,40-20,40,20,60,20,5,all games,Chicago Bears vs. Washington Commanders October 5 2023
113,24-3,24,3,27,21,62,all games,Seattle Seahawks vs. New York Giants October 2 2023
114,23-7,23,7,30,16,71,all games,Jacksonville Jaguars vs. Atlanta Falcons October 1 2023
115,21-13,21,13,34,8,50,all games,Minnesota Vikings vs. Carolina Panthers October 1 2023
116,27-3,27,3,30,24,47,all games,Tennessee Titans vs. Cincinnati Bengals October 1 2023
117,28-3,28,3,31,25,26,all games,Baltimore Ravens vs. Cleveland Browns October 1 2023
118,38-3,38,3,41,35,21,all games,Dallas Cowboys vs. New England Patriots October 1 2023
119,29-23,29,23,52,6,14,all games,Los Angeles Rams vs. Indianapolis Colts October 1 2023
120,35-16,35,16,51,19,11,all games,San Francisco 49ers vs. Arizona Cardinals October 1 2023
121,48-20,48,20,68,28,6,all games,Buffalo Bills vs. Miami Dolphins October 1 2023
122,19-16,19,16,35,3,54,all games,Cincinnati Bengals vs. Los Angeles Rams September 25 2023
123,25-11,25,11,36,14,1,all games,Philadelphia Eagles vs. Tampa Bay Buccaneers September 25 2023
124,28-24,28,24,52,4,77,all games,Los Angeles Chargers vs. Minnesota Vikings September 24 2023
125,41-10,41,10,51,31,35,all games,Kansas City Chiefs vs. Chicago Bears September 24 2023
126,15-10,15,10,25,5,24,all games,New England Patriots vs. New York Jets September 24 2023
127,22-19,22,19,41,3,19,all games,Indianapolis Colts vs. Baltimore Ravens September 24 2023
128,18-17,18,17,35,1,15,all games,Green Bay Packers vs. New Orleans Saints September 24 2023
129,37-27,37,27,64,10,14,all games,Seattle Seahawks vs. Carolina Panthers September 24 2023
130,37-17,37,17,54,20,13,all games,Houston Texans vs. Jacksonville Jaguars September 24 2023
131,23-18,23,18,41,5,6,all games,Pittsburgh Steelers vs. Las Vegas Raiders September 24 2023
132,70-20,70,20,90,50,1,all games,Miami Dolphins vs. Denver Broncos September 24 2023
133,26-22,26,22,48,4,7,all games,Pittsburgh Steelers vs. Cleveland Browns September 18 2023
134,27-24,27,24,51,3,232,all games,Tennessee Titans vs. Los Angeles Chargers September 17 2023
135,27-17,27,17,44,10,122,all games,Tampa Bay Buccaneers vs. Chicago Bears September 17 2023
136,30-10,30,10,40,20,60,all games,Dallas Cowboys vs. New York Jets September 17 2023
137,38-10,38,10,48,28,52,all games,Buffalo Bills vs. Las Vegas Raiders September 17 2023
138,31-20,31,20,51,11,46,all games,Indianapolis Colts vs. Houston Texans September 17 2023
139,30-23,30,23,53,7,38,all games,San Francisco 49ers vs. Los Angeles Rams September 17 2023
140,17-9,17,9,26,8,37,all games,Kansas City Chiefs vs. Jacksonville Jaguars September 17 2023
141,25-24,25,24,49,1,17,all games,Atlanta Falcons vs. Green Bay Packers September 17 2023
142,35-33,35,33,68,2,6,all games,Washington Commanders vs. Denver Broncos September 17 2023
143,34-28,34,28,62,6,41,all games,Philadelphia Eagles vs. Minnesota Vikings September 14 2023
144,22-16,22,16,38,6,20,all games,New York Jets vs. Buffalo Bills September 11 2023
145,30-7,30,7,37,23,47,all games,San Francisco 49ers vs. Pittsburgh Steelers September 10 2023
146,38-20,38,20,58,18,33,all games,Green Bay Packers vs. Chicago Bears September 10 2023
147,16-15,16,15,31,1,14,all games,New Orleans Saints vs. Tennessee Titans September 10 2023
148,40-0,40,0,40,40,5,all games,Dallas Cowboys vs. New York Giants September 10 2023
149,36-34,36,34,70,2,3,all games,Miami Dolphins vs. Los Angeles Chargers September 10 2023
150,25-9,25,9,34,16,1,all games,Baltimore Ravens vs. Houston Texans September 10 2023
151,38-35,38,35,73,3,25,all games,Kansas City Chiefs vs. Philadelphia Eagles February 12 2023
152,31-7,31,7,38,24,81,all games,Philadelphia Eagles vs. San Francisco 49ers January 29 2023
153,27-10,27,10,37,17,101,all games,Cincinnati Bengals vs. Buffalo Bills January 22 2023
154,19-12,19,12,31,7,10,all games,San Francisco 49ers vs. Dallas Cowboys January 22 2023
155,38-7,38,7,45,31,46,all games,Philadelphia Eagles vs. New York Giants January 21 2023
156,31-14,31,14,45,17,91,all games,Dallas Cowboys vs. Tampa Bay Buccaneers January 16 2023
157,31-30,31,30,61,1,24,all games,Jacksonville Jaguars vs. Los Angeles Chargers January 14 2023
158,41-23,41,23,64,18,7,all games,San Francisco 49ers vs. Seattle Seahawks January 14 2023
159,28-14,28,14,42,14,68,all games,Pittsburgh Steelers vs. Cleveland Browns January 8 2023
160,30-17,30,17,47,13,52,all games,Atlanta Falcons vs. Tampa Bay Buccaneers January 8 2023
161,27-16,27,16,43,11,33,all games,Cincinnati Bengals vs. Baltimore Ravens January 8 2023
162,38-13,38,13,51,25,20,all games,San Francisco 49ers vs. Arizona Cardinals January 8 2023
163,26-6,26,6,32,20,16,all games,Washington Commanders vs. Dallas Cowboys January 8 2023
164,35-23,35,23,58,12,14,all games,Buffalo Bills vs. New England Patriots January 8 2023
165,29-13,29,13,42,16,11,all games,Minnesota Vikings vs. Chicago Bears January 8 2023
166,32-31,32,31,63,1,9,all games,Houston Texans vs. Indianapolis Colts January 8 2023
167,11-6,11,6,17,5,2,all games,Miami Dolphins vs. New York Jets January 8 2023
168,31-10,31,10,41,21,73,all games,Los Angeles Chargers vs. Los Angeles Rams January 1 2023
169,30-24,30,24,54,6,60,all games,Tampa Bay Buccaneers vs. Carolina Panthers January 1 2023
170,23-21,23,21,44,2,57,all games,New England Patriots vs. Miami Dolphins January 1 2023
171,20-19,20,19,39,1,44,all games,Atlanta Falcons vs. Arizona Cardinals January 1 2023
172,31-3,31,3,34,28,41,all games,Jacksonville Jaguars vs. Houston Texans January 1 2023
173,41-17,41,17,58,24,23,all games,Green Bay Packers vs. Minnesota Vikings January 1 2023
174,23-6,23,6,29,17,21,all games,Seattle Seahawks vs. New York Jets January 1 2023
175,26-20,26,20,46,6,55,all games,Green Bay Packers vs. Miami Dolphins December 25 2022
176,51-14,51,14,65,37,6,all games,Los Angeles Rams vs. Denver Broncos December 25 2022
177,19-14,19,14,33,5,47,all games,Houston Texans vs. Tennessee Titans December 24 2022
178,35-13,35,13,48,22,22,all games,Buffalo Bills vs. Chicago Bears December 24 2022
179,40-34,40,34,74,6,8,all games,Dallas Cowboys vs. Philadelphia Eagles December 24 2022
180,37-23,37,23,60,14,5,all games,Carolina Panthers vs. Detroit Lions December 24 2022
181,22-18,22,18,40,4,1,all games,Cincinnati Bengals vs. New England Patriots December 24 2022
182,19-3,19,3,22,16,18,all games,Jacksonville Jaguars vs. New York Jets December 22 2022
183,24-12,24,12,36,12,13,all games,Green Bay Packers vs. Los Angeles Rams December 19 2022
184,17-14,17,14,31,3,200,all games,Los Angeles Chargers vs. Tennessee Titans December 18 2022
185,20-12,20,12,32,8,28,all games,New York Giants vs. Washington Commanders December 18 2022
186,34-23,34,23,57,11,18,all games,Cincinnati Bengals vs. Tampa Bay Buccaneers December 18 2022
187,13-3,13,3,16,10,50,all games,Cleveland Browns vs. Baltimore Ravens December 17 2022
188,32-29,32,29,61,3,7,all games,Buffalo Bills vs. Miami Dolphins December 17 2022
189,39-36,39,36,75,3,3,all games,Minnesota Vikings vs. Indianapolis Colts December 17 2022
190,23-17,23,17,40,6,126,all games,Los Angeles Chargers vs. Miami Dolphins December 11 2022
191,23-10,23,10,33,13,66,all games,Cincinnati Bengals vs. Cleveland Browns December 11 2022
192,16-14,16,14,30,2,64,all games,Baltimore Ravens vs. Pittsburgh Steelers December 11 2022
193,27-23,27,23,50,4,52,all games,Dallas Cowboys vs. Houston Texans December 11 2022
194,35-7,35,7,42,28,49,all games,San Francisco 49ers vs. Tampa Bay Buccaneers December 11 2022
195,36-22,36,22,58,14,9,all games,Jacksonville Jaguars vs. Tennessee Titans December 11 2022
196,48-22,48,22,70,26,4,all games,Philadelphia Eagles vs. New York Giants December 11 2022
197,10-9,10,9,19,1,36,all games,Baltimore Ravens vs. Denver Broncos December 4 2022
198,33-17,33,17,50,16,27,all games,San Francisco 49ers vs. Miami Dolphins December 4 2022
199,20-20,20,20,40,0,22,all games,Washington Commanders vs. New York Giants December 4 2022
200,35-10,35,10,45,25,20,all games,Philadelphia Eagles vs. Tennessee Titans December 4 2022
201,27-22,27,22,49,5,19,all games,Minnesota Vikings vs. New York Jets December 4 2022
202,40-14,40,14,54,26,17,all games,Detroit Lions vs. Jacksonville Jaguars December 4 2022
203,28-19,28,19,47,9,12,all games,Green Bay Packers vs. Chicago Bears December 4 2022
204,54-19,54,19,73,35,1,all games,Dallas Cowboys vs. Indianapolis Colts December 4 2022
205,13-0,13,0,13,13,65,all games,San Francisco 49ers vs. New Orleans Saints November 27 2022
206,26-10,26,10,36,16,44,all games,Kansas City Chiefs vs. Los Angeles Rams November 27 2022
207,30-15,30,15,45,15,7,all games,Miami Dolphins vs. Houston Texans November 27 2022
208,40-33,40,33,73,7,4,all games,Philadelphia Eagles vs. Green Bay Packers November 27 2022
209,28-20,28,20,48,8,42,all games,Dallas Cowboys vs. New York Giants November 24 2022
210,28-25,28,25,53,3,21,all games,Buffalo Bills vs. Detroit Lions November 24 2022
211,33-26,33,26,59,7,4,all games,Minnesota Vikings vs. New England Patriots November 24 2022
212,10-3,10,3,13,7,46,all games,New England Patriots vs. New York Jets November 20 2022
213,31-23,31,23,54,8,34,all games,Buffalo Bills vs. Cleveland Browns November 20 2022
214,37-30,37,30,67,7,8,all games,Cincinnati Bengals vs. Pittsburgh Steelers November 20 2022
215,31-18,31,18,49,13,5,all games,Detroit Lions vs. New York Giants November 20 2022
216,40-3,40,3,43,37,5,all games,Dallas Cowboys vs. Minnesota Vikings November 20 2022
217,32-21,32,21,53,11,7,all games,Washington Commanders vs. Philadelphia Eagles November 14 2022
218,33-30,33,30,63,3,25,all games,Minnesota Vikings vs. Buffalo Bills November 13 2022
219,39-17,39,17,56,22,4,all games,Miami Dolphins vs. Cleveland Browns November 13 2022
220,25-15,25,15,40,10,4,all games,Carolina Panthers vs. Atlanta Falcons November 10 2022
221,26-3,26,3,29,23,19,all games,New England Patriots vs. Indianapolis Colts November 6 2022
222,35-32,35,32,67,3,11,all games,Miami Dolphins vs. Chicago Bears November 6 2022
223,15-9,15,9,24,6,4,all games,Detroit Lions vs. Green Bay Packers November 6 2022
224,29-17,29,17,46,12,12,all games,Philadelphia Eagles vs. Houston Texans November 3 2022
225,32-13,32,13,45,19,6,all games,Cleveland Browns vs. Cincinnati Bengals October 31 2022
226,24-0,24,0,24,24,63,all games,New Orleans Saints vs. Las Vegas Raiders October 30 2022
227,34-26,34,26,60,8,9,all games,Minnesota Vikings vs. Arizona Cardinals October 30 2022
228,49-29,49,29,78,20,2,all games,Dallas Cowboys vs. Chicago Bears October 30 2022
229,33-14,33,14,47,19,32,all games,Chicago Bears vs. New England Patriots October 24 2022
230,35-17,35,17,52,18,46,all games,Cincinnati Bengals vs. Atlanta Falcons October 23 2022
231,24-6,24,6,30,18,36,all games,Dallas Cowboys vs. Detroit Lions October 23 2022
232,19-10,19,10,29,9,27,all games,Tennessee Titans vs. Indianapolis Colts October 23 2022
233,21-3,21,3,24,18,23,all games,Carolina Panthers vs. Tampa Bay Buccaneers October 23 2022
234,16-9,16,9,25,7,13,all games,New York Jets vs. Denver Broncos October 23 2022
235,44-23,44,23,67,21,4,all games,Kansas City Chiefs vs. San Francisco 49ers October 23 2022
236,42-34,42,34,76,8,7,all games,Arizona Cardinals vs. New Orleans Saints October 20 2022
237,34-27,34,27,61,7,51,all games,Indianapolis Colts vs. Jacksonville Jaguars October 16 2022
238,26-17,26,17,43,9,34,all games,Philadelphia Eagles vs. Dallas Cowboys October 16 2022
239,19-9,19,9,28,10,15,all games,Seattle Seahawks vs. Arizona Cardinals October 16 2022
240,30-26,30,26,56,4,11,all games,Cincinnati Bengals vs. New Orleans Saints October 16 2022
241,20-18,20,18,38,2,8,all games,Pittsburgh Steelers vs. Tampa Bay Buccaneers October 16 2022
242,38-15,38,15,53,23,6,all games,New England Patriots vs. Cleveland Browns October 16 2022
243,12-7,12,7,19,5,23,all games,Washington Commanders vs. Chicago Bears October 13 2022
244,30-29,30,29,59,1,7,all games,Kansas City Chiefs vs. Las Vegas Raiders October 10 2022
245,13-6,13,6,19,7,54,all games,Houston Texans vs. Jacksonville Jaguars October 9 2022
246,30-28,30,28,58,2,42,all games,Los Angeles Chargers vs. Cleveland Browns October 9 2022
247,22-10,22,10,32,12,19,all games,Dallas Cowboys vs. Los Angeles Rams October 9 2022
248,40-17,40,17,57,23,9,all games,New York Jets vs. Miami Dolphins October 9 2022
249,29-0,29,0,29,29,5,all games,New England Patriots vs. Detroit Lions October 9 2022
250,39-32,39,32,71,7,4,all games,New Orleans Saints vs. Seattle Seahawks October 9 2022
251,37-15,37,15,52,22,3,all games,San Francisco 49ers vs. Carolina Panthers October 9 2022
252,21-15,21,15,36,6,3,all games,Tampa Bay Buccaneers vs. Atlanta Falcons October 9 2022
253,12-9,12,9,21,3,19,all games,Indianapolis Colts vs. Denver Broncos October 6 2022
254,34-24,34,24,58,10,62,all games,Los Angeles Chargers vs. Houston Texans October 2 2022
255,26-16,26,16,42,10,25,all games,Arizona Cardinals vs. Carolina Panthers October 2 2022
256,29-21,29,21,50,8,19,all games,Philadelphia Eagles vs. Jacksonville Jaguars October 2 2022
257,41-31,41,31,72,10,11,all games,Kansas City Chiefs vs. Tampa Bay Buccaneers October 2 2022
258,25-10,25,10,35,15,10,all games,Dallas Cowboys vs. Washington Commanders October 2 2022
259,32-23,32,23,55,9,3,all games,Las Vegas Raiders vs. Denver Broncos October 2 2022
260,48-45,48,45,93,3,1,all games,Seattle Seahawks vs. Detroit Lions October 2 2022
261,27-15,27,15,42,12,6,all games,Cincinnati Bengals vs. Miami Dolphins September 29 2022
262,14-12,14,12,26,2,19,all games,Green Bay Packers vs. Tampa Bay Buccaneers September 25 2022
263,22-14,22,14,36,8,17,all games,Carolina Panthers vs. New Orleans Saints September 25 2022
264,27-12,27,12,39,15,8,all games,Cincinnati Bengals vs. New York Jets September 25 2022
265,37-26,37,26,63,11,6,all games,Baltimore Ravens vs. New England Patriots September 25 2022
266,11-10,11,10,21,1,2,all games,Denver Broncos vs. San Francisco 49ers September 25 2022
267,24-8,24,8,32,16,2,all games,Philadelphia Eagles vs. Washington Commanders September 25 2022
268,41-7,41,7,48,34,24,all games,Buffalo Bills vs. Tennessee Titans September 19 2022
269,27-7,27,7,34,20,95,all games,San Francisco 49ers vs. Seattle Seahawks September 18 2022
270,36-27,36,27,63,9,3,all games,Detroit Lions vs. Washington Commanders September 18 2022
271,42-38,42,38,80,4,2,all games,Miami Dolphins vs. Baltimore Ravens September 18 2022
272,20-7,20,7,27,13,92,all games,Miami Dolphins vs. New England Patriots September 11 2022
273,26-24,26,24,50,2,42,all games,Cleveland Browns vs. Carolina Panthers September 11 2022
274,24-19,24,19,43,5,32,all games,Los Angeles Chargers vs. Las Vegas Raiders September 11 2022
275,27-26,27,26,53,1,22,all games,New Orleans Saints vs. Atlanta Falcons September 11 2022
276,28-22,28,22,50,6,11,all games,Washington Commanders vs. Jacksonville Jaguars September 11 2022
277,44-21,44,21,65,23,9,all games,Kansas City Chiefs vs. Arizona Cardinals September 11 2022
278,42-36,42,36,78,6,3,all games,Kansas City Chiefs vs. Buffalo Bills January 23 2022
279,34-11,34,11,45,23,3,all games,Los Angeles Rams vs. Arizona Cardinals January 17 2022
280,31-15,31,15,46,16,11,all games,Tampa Bay Buccaneers vs. Philadelphia Eagles January 16 2022
281,47-17,47,17,64,30,7,all games,Buffalo Bills vs. New England Patriots January 15 2022
282,26-19,26,19,45,7,5,all games,Cincinnati Bengals vs. Las Vegas Raiders January 15 2022
283,30-20,30,20,50,10,49,all games,New Orleans Saints vs. Atlanta Falcons January 9 2022
284,33-24,33,24,57,9,16,all games,Miami Dolphins vs. New England Patriots January 9 2022
285,22-7,22,7,29,15,13,all games,Washington Football Team vs. New York Giants January 9 2022
286,38-30,38,30,68,8,7,all games,Seattle Seahawks vs. Arizona Cardinals January 9 2022
287,26-11,26,11,37,15,4,all games,Jacksonville Jaguars vs. Indianapolis Colts January 9 2022
288,51-26,51,26,77,25,1,all games,Dallas Cowboys vs. Philadelphia Eagles January 8 2022
289,37-10,37,10,47,27,25,all games,Green Bay Packers vs. Minnesota Vikings January 2 2022
290,25-22,25,22,47,3,12,all games,Arizona Cardinals vs. Dallas Cowboys January 2 2022
291,29-3,29,3,32,26,7,all games,Chicago Bears vs. New York Giants January 2 2022
292,18-10,18,10,28,8,6,all games,New Orleans Saints vs. Carolina Panthers January 2 2022
293,29-15,29,15,44,14,4,all games,Buffalo Bills vs. Atlanta Falcons January 2 2022
294,50-10,50,10,60,40,2,all games,New England Patriots vs. Jacksonville Jaguars January 2 2022
295,51-29,51,29,80,22,2,all games,Seattle Seahawks vs. Detroit Lions January 2 2022
296,34-10,34,10,44,24,42,all games,Philadelphia Eagles vs. New York Giants December 26 2021
297,26-21,26,21,47,5,38,all games,New York Jets vs. Jacksonville Jaguars December 26 2021
298,41-21,41,21,62,20,26,all games,Cincinnati Bengals vs. Baltimore Ravens December 26 2021
299,33-21,33,21,54,12,15,all games,Buffalo Bills vs. New England Patriots December 26 2021
300,36-10,36,10,46,26,9,all games,Kansas City Chiefs vs. Pittsburgh Steelers December 26 2021
301,56-14,56,14,70,42,4,all games,Dallas Cowboys vs. Washington Football Team December 26 2021
302,41-29,41,29,70,12,2,all games,Houston Texans vs. Los Angeles Chargers December 26 2021
303,9-0,9,0,9,9,31,all games,New Orleans Saints vs. Tampa Bay Buccaneers December 19 2021
304,21-6,21,6,27,15,20,all games,Dallas Cowboys vs. New York Giants December 19 2021
305,30-16,30,16,46,14,20,all games,Houston Texans vs. Jacksonville Jaguars December 19 2021
306,20-0,20,0,20,20,71,all games,Tennessee Titans vs. Jacksonville Jaguars December 12 2021
307,26-23,26,23,49,3,48,all games,San Francisco 49ers vs. Cincinnati Bengals December 12 2021
308,37-21,37,21,58,16,29,all games,Los Angeles Chargers vs. New York Giants December 12 2021
309,33-27,33,27,60,6,27,all games,Tampa Bay Buccaneers vs. Buffalo Bills December 12 2021
310,30-9,30,9,39,21,10,all games,New Orleans Saints vs. New York Jets December 12 2021
311,45-30,45,30,75,15,2,all games,Green Bay Packers vs. Chicago Bears December 12 2021
312,48-9,48,9,57,39,1,all games,Kansas City Chiefs vs. Las Vegas Raiders December 12 2021
313,36-28,36,28,64,8,12,all games,Minnesota Vikings vs. Pittsburgh Steelers December 9 2021
314,14-10,14,10,24,4,88,all games,New England Patriots vs. Buffalo Bills December 6 2021
315,31-0,31,0,31,31,46,all games,Indianapolis Colts vs. Houston Texans December 5 2021
316,37-7,37,7,44,30,31,all games,Los Angeles Rams vs. Jacksonville Jaguars December 5 2021
317,20-9,20,9,29,11,22,all games,Miami Dolphins vs. New York Giants December 5 2021
318,29-27,29,27,56,2,17,all games,Detroit Lions vs. Minnesota Vikings December 5 2021
319,17-15,17,15,32,2,14,all games,Washington Football Team vs. Las Vegas Raiders December 5 2021
320,33-18,33,18,51,15,7,all games,Philadelphia Eagles vs. New York Jets December 5 2021
321,33-22,33,22,55,11,7,all games,Arizona Cardinals vs. Chicago Bears December 5 2021
322,22-9,22,9,31,13,6,all games,Kansas City Chiefs vs. Denver Broncos December 5 2021
323,41-22,41,22,63,19,3,all games,Los Angeles Chargers vs. Cincinnati Bengals December 5 2021
324,13-7,13,7,20,6,78,all games,New York Giants vs. Philadelphia Eagles November 28 2021
325,36-13,36,13,49,23,4,all games,New England Patriots vs. Tennessee Titans November 28 2021
326,31-6,31,6,37,25,24,all games,Buffalo Bills vs. New Orleans Saints November 25 2021
327,36-33,36,33,69,3,6,all games,Las Vegas Raiders vs. Dallas Cowboys November 25 2021
328,27-21,27,21,48,6,93,all games,Washington Football Team vs. Carolina Panthers November 21 2021
329,23-13,23,13,36,10,50,all games,Arizona Cardinals vs. Seattle Seahawks November 21 2021
330,22-13,22,13,35,9,16,all games,Houston Texans vs. Tennessee Titans November 21 2021
331,41-37,41,37,78,4,3,all games,Los Angeles Chargers vs. Pittsburgh Steelers November 21 2021
332,40-29,40,29,69,11,2,all games,Philadelphia Eagles vs. New Orleans Saints November 21 2021
333,41-15,41,15,56,26,1,all games,Indianapolis Colts vs. Buffalo Bills November 21 2021
334,25-0,25,0,25,25,11,all games,New England Patriots vs. Atlanta Falcons November 18 2021
335,17-0,17,0,17,17,58,all games,Green Bay Packers vs. Seattle Seahawks November 14 2021
336,41-14,41,14,55,27,35,all games,Kansas City Chiefs vs. Las Vegas Raiders November 14 2021
337,45-17,45,17,62,28,25,all games,Buffalo Bills vs. New York Jets November 14 2021
338,45-7,45,7,52,38,25,all games,New England Patriots vs. Cleveland Browns November 14 2021
339,29-19,29,19,48,10,5,all games,Washington Football Team vs. Tampa Bay Buccaneers November 14 2021
340,16-16,16,16,32,0,4,all games,Detroit Lions vs. Pittsburgh Steelers November 14 2021
341,43-3,43,3,46,40,2,all games,Dallas Cowboys vs. Atlanta Falcons November 14 2021
342,9-6,9,6,15,3,31,all games,Jacksonville Jaguars vs. Buffalo Bills November 7 2021
343,27-25,27,25,52,2,9,all games,Atlanta Falcons vs. New Orleans Saints November 7 2021
344,41-16,41,16,57,25,9,all games,Cleveland Browns vs. Cincinnati Bengals November 7 2021
345,44-6,44,6,50,38,8,all games,Philadelphia Eagles vs. Detroit Lions October 31 2021
346,38-22,38,22,60,16,3,all games,Los Angeles Rams vs. Houston Texans October 31 2021
347,25-3,25,3,28,22,4,all games,New York Giants vs. Carolina Panthers October 24 2021
348,30-18,30,18,48,12,3,all games,Indianapolis Colts vs. San Francisco 49ers October 24 2021
349,54-13,54,13,67,41,2,all games,New England Patriots vs. New York Jets October 24 2021
350,31-5,31,5,36,26,1,all games,Arizona Cardinals vs. Houston Texans October 24 2021
351,24-14,24,14,38,10,139,all games,Green Bay Packers vs. Chicago Bears October 17 2021
352,34-6,34,6,40,28,9,all games,Baltimore Ravens vs. Los Angeles Chargers October 17 2021
353,35-29,35,29,64,6,2,all games,Dallas Cowboys vs. New England Patriots October 17 2021
354,38-11,38,11,49,27,1,all games,Los Angeles Rams vs. New York Giants October 17 2021
355,31-25,31,25,56,6,6,all games,Baltimore Ravens vs. Indianapolis Colts October 11 2021
356,44-20,44,20,64,24,5,all games,Dallas Cowboys vs. New York Giants October 10 2021
357,37-19,37,19,56,18,4,all games,Tennessee Titans vs. Jacksonville Jaguars October 10 2021
358,47-42,47,42,89,5,2,all games,Los Angeles Chargers vs. Cleveland Browns October 10 2021
359,28-21,28,21,49,7,76,all games,Seattle Seahawks vs. San Francisco 49ers October 3 2021
360,34-30,34,30,64,4,12,all games,Washington Football Team vs. Atlanta Falcons October 3 2021
361,42-30,42,30,72,12,3,all games,Kansas City Chiefs vs. Philadelphia Eagles October 3 2021
362,26-0,26,0,26,26,29,all games,Denver Broncos vs. New York Jets September 26 2021
363,25-16,25,16,41,9,6,all games,Tennessee Titans vs. Indianapolis Colts September 26 2021
364,43-21,43,21,64,22,3,all games,Buffalo Bills vs. Washington Football Team September 26 2021
365,26-7,26,7,33,19,34,all games,Carolina Panthers vs. New Orleans Saints September 19 2021
366,35-0,35,0,35,35,24,all games,Buffalo Bills vs. Miami Dolphins September 19 2021
367,34-33,34,33,67,1,14,all games,Arizona Cardinals vs. Minnesota Vikings September 19 2021
368,25-6,25,6,31,19,5,all games,New England Patriots vs. New York Jets September 19 2021
369,36-35,36,35,71,1,5,all games,Baltimore Ravens vs. Kansas City Chiefs September 19 2021
370,17-11,17,11,28,6,2,all games,San Francisco 49ers vs. Philadelphia Eagles September 19 2021
371,48-25,48,25,73,23,2,all games,Tampa Bay Buccaneers vs. Atlanta Falcons September 19 2021
372,41-33,41,33,74,8,5,all games,San Francisco 49ers vs. Detroit Lions September 12 2021
373,33-29,33,29,62,4,2,all games,Kansas City Chiefs vs. Cleveland Browns September 12 2021
374,31-29,31,29,60,2,10,all games,Tampa Bay Buccaneers vs. Dallas Cowboys September 9 2021
375,31-9,31,9,40,22,12,all games,Tampa Bay Buccaneers vs. Kansas City Chiefs February 7 2021
376,38-24,38,24,62,14,49,all games,Kansas City Chiefs vs. Buffalo Bills January 24 2021
377,17-3,17,3,20,14,63,all games,Buffalo Bills vs. Baltimore Ravens January 16 2021
378,32-18,32,18,50,14,3,all games,Green Bay Packers vs. Los Angeles Rams January 16 2021
379,21-9,21,9,30,12,16,all games,New Orleans Saints vs. Chicago Bears January 10 2021
380,48-37,48,37,85,11,1,all games,Cleveland Browns vs. Pittsburgh Steelers January 10 2021
381,38-21,38,21,59,17,39,all games,Los Angeles Chargers vs. Kansas City Chiefs January 3 2021
382,33-7,33,7,40,26,22,all games,New Orleans Saints vs. Carolina Panthers January 3 2021
383,37-35,37,35,72,2,11,all games,Minnesota Vikings vs. Detroit Lions January 3 2021
384,18-7,18,7,25,11,8,all games,Los Angeles Rams vs. Arizona Cardinals January 3 2021
385,44-27,44,27,71,17,5,all games,Tampa Bay Buccaneers vs. Atlanta Falcons January 3 2021
386,56-26,56,26,82,30,1,all games,Buffalo Bills vs. Miami Dolphins January 3 2021
387,38-9,38,9,47,29,9,all games,Buffalo Bills vs. New England Patriots December 28 2020
388,47-7,47,7,54,40,6,all games,Tampa Bay Buccaneers vs. Detroit Lions December 26 2020
389,26-25,26,25,51,1,1,all games,Miami Dolphins vs. Las Vegas Raiders December 26 2020
390,52-33,52,33,85,19,1,all games,New Orleans Saints vs. Minnesota Vikings December 25 2020
391,20-15,20,15,35,5,15,all games,Seattle Seahawks vs. Washington Football Team December 20 2020
392,22-12,22,12,34,10,2,all games,Miami Dolphins vs. New England Patriots December 20 2020
393,46-25,46,25,71,21,1,all games,Tennessee Titans vs. Detroit Lions December 20 2020
394,48-19,48,19,67,29,3,all games,Buffalo Bills vs. Denver Broncos December 19 2020
395,23-15,23,15,38,8,10,all games,Washington Football Team vs. San Francisco 49ers December 13 2020
396,36-7,36,7,43,29,9,all games,Chicago Bears vs. Houston Texans December 13 2020
397,26-15,26,15,41,11,8,all games,Buffalo Bills vs. Pittsburgh Steelers December 13 2020
398,32-27,32,27,59,5,3,all games,Denver Broncos vs. Carolina Panthers December 13 2020
399,34-17,34,17,51,17,65,all games,Baltimore Ravens vs. Dallas Cowboys December 8 2020
400,19-7,19,7,26,12,39,all games,Miami Dolphins vs. Cincinnati Bengals December 6 2020
401,38-28,38,28,66,10,33,all games,Los Angeles Rams vs. Arizona Cardinals December 6 2020
402,17-12,17,12,29,5,26,all games,New York Giants vs. Seattle Seahawks December 6 2020
403,45-0,45,0,45,45,11,all games,New England Patriots vs. Los Angeles Chargers December 6 2020
404,41-25,41,25,66,16,3,all games,Green Bay Packers vs. Chicago Bears November 29 2020
405,43-6,43,6,49,37,2,all games,Atlanta Falcons vs. Las Vegas Raiders November 29 2020
406,45-26,45,26,71,19,2,all games,Tennessee Titans vs. Indianapolis Colts November 29 2020
407,35-31,35,31,66,4,20,all games,Kansas City Chiefs vs. Las Vegas Raiders November 22 2020
408,32-30,32,30,62,2,3,all games,Arizona Cardinals vs. Buffalo Bills November 15 2020
409,37-12,37,12,49,25,2,all games,Las Vegas Raiders vs. Denver Broncos November 15 2020
410,46-23,46,23,69,23,1,all games,Tampa Bay Buccaneers vs. Carolina Panthers November 15 2020
411,44-34,44,34,78,10,4,all games,Buffalo Bills vs. Seattle Seahawks November 8 2020
412,28-17,28,17,45,11,65,all games,Miami Dolphins vs. Los Angeles Rams November 1 2020
413,16-6,16,6,22,10,33,all games,Las Vegas Raiders vs. Cleveland Browns November 1 2020
414,23-9,23,9,32,14,11,all games,Philadelphia Eagles vs. Dallas Cowboys November 1 2020
415,35-9,35,9,44,26,10,all games,Kansas City Chiefs vs. New York Jets November 1 2020
416,25-17,25,17,42,8,13,all games,Atlanta Falcons vs. Carolina Panthers October 29 2020
417,35-20,35,20,55,15,20,all games,Green Bay Packers vs. Houston Texans October 25 2020
418,23-22,23,22,45,1,14,all games,Detroit Lions vs. Atlanta Falcons October 25 2020
419,33-6,33,6,39,27,12,all games,San Francisco 49ers vs. New England Patriots October 25 2020
420,45-20,45,20,65,25,4,all games,Tampa Bay Buccaneers vs. Las Vegas Raiders October 25 2020
421,43-16,43,16,59,27,2,all games,Kansas City Chiefs vs. Denver Broncos October 25 2020
422,39-29,39,29,68,10,1,all games,Los Angeles Chargers vs. Jacksonville Jaguars October 25 2020
423,22-21,22,21,43,1,21,all games,Philadelphia Eagles vs. New York Giants October 22 2020
424,34-16,34,16,50,18,19,all games,Detroit Lions vs. Jacksonville Jaguars October 18 2020
425,18-12,18,12,30,6,5,all games,Denver Broncos vs. New England Patriots October 18 2020
426,40-23,40,23,63,17,3,all games,Atlanta Falcons vs. Minnesota Vikings October 18 2020
427,42-16,42,16,58,26,1,all games,Tennessee Titans vs. Buffalo Bills October 13 2020
428,30-14,30,14,44,16,51,all games,Houston Texans vs. Jacksonville Jaguars October 11 2020
429,43-17,43,17,60,26,5,all games,Miami Dolphins vs. San Francisco 49ers October 11 2020
430,40-32,40,32,72,8,4,all games,Las Vegas Raiders vs. Kansas City Chiefs October 11 2020
431,38-29,38,29,67,9,2,all games,Pittsburgh Steelers vs. Philadelphia Eagles October 11 2020
432,33-25,33,25,58,8,6,all games,Cincinnati Bengals vs. Jacksonville Jaguars October 4 2020
433,19-11,19,11,30,8,5,all games,Indianapolis Colts vs. Chicago Bears October 4 2020
434,49-38,49,38,87,11,2,all games,Cleveland Browns vs. Dallas Cowboys October 4 2020
435,37-28,37,28,65,9,8,all games,Denver Broncos vs. New York Jets October 1 2020
436,28-10,28,10,38,18,54,all games,Tampa Bay Buccaneers vs. Denver Broncos September 27 2020
437,36-20,36,20,56,16,11,all games,New England Patriots vs. Las Vegas Raiders September 27 2020
438,23-23,23,23,46,0,5,all games,Cincinnati Bengals vs. Philadelphia Eagles September 27 2020
439,36-9,36,9,45,27,1,all games,San Francisco 49ers vs. New York Giants September 27 2020
440,35-30,35,30,65,5,11,all games,Seattle Seahawks vs. New England Patriots September 20 2020
441,33-16,33,16,49,17,8,all games,Baltimore Ravens vs. Houston Texans September 20 2020
442,28-11,28,11,39,17,3,all games,Indianapolis Colts vs. Minnesota Vikings September 20 2020
443,40-39,40,39,79,1,2,all games,Dallas Cowboys vs. Atlanta Falcons September 20 2020
444,21-11,21,11,32,10,4,all games,New England Patriots vs. Miami Dolphins September 13 2020
445,38-25,38,25,63,13,3,all games,Seattle Seahawks vs. Atlanta Falcons September 13 2020
446,43-34,43,34,77,9,1,all games,Green Bay Packers vs. Minnesota Vikings September 13 2020
447,35-24,35,24,59,11,26,all games,Kansas City Chiefs vs. Tennessee Titans January 19 2020
448,51-31,51,31,82,20,1,all games,Kansas City Chiefs vs. Houston Texans January 12 2020
449,28-12,28,12,40,16,8,all games,Tennessee Titans vs. Baltimore Ravens January 11 2020
450,35-14,35,14,49,21,53,all games,Tennessee Titans vs. Houston Texans December 29 2019
451,33-23,33,23,56,10,3,all games,Cincinnati Bengals vs. Cleveland Browns December 29 2019
452,47-16,47,16,63,31,2,all games,Dallas Cowboys vs. Washington Redskins December 29 2019
453,34-7,34,7,41,27,64,all games,New Orleans Saints vs. Indianapolis Colts December 16 2019
454,38-17,38,17,55,21,45,all games,Tampa Bay Buccaneers vs. Detroit Lions December 15 2019
455,23-3,23,3,26,20,37,all games,Kansas City Chiefs vs. Denver Broncos December 15 2019
456,39-10,39,10,49,29,5,all games,Minnesota Vikings vs. Los Angeles Chargers December 15 2019
457,48-46,48,46,94,2,1,all games,San Francisco 49ers vs. New Orleans Saints December 8 2019
458,22-6,22,6,28,16,6,all games,Cincinnati Bengals vs. New York Jets December 1 2019
459,40-9,40,9,49,31,2,all games,Kansas City Chiefs vs. Oakland Raiders December 1 2019
460,26-18,26,18,44,8,9,all games,New Orleans Saints vs. Atlanta Falcons November 28 2019
461,45-6,45,6,51,39,5,all games,Baltimore Ravens vs. Los Angeles Rams November 25 2019
462,13-9,13,9,22,4,34,all games,New England Patriots vs. Dallas Cowboys November 24 2019
463,42-20,42,20,62,22,18,all games,Tennessee Titans vs. Jacksonville Jaguars November 24 2019
464,41-24,41,24,65,17,18,all games,Cleveland Browns vs. Miami Dolphins November 24 2019
465,35-22,35,22,57,13,4,all games,Tampa Bay Buccaneers vs. Atlanta Falcons November 24 2019
466,37-8,37,8,45,29,3,all games,San Francisco 49ers vs. Green Bay Packers November 24 2019
467,17-7,17,7,24,10,108,all games,Los Angeles Rams vs. Chicago Bears November 17 2019
468,35-27,35,27,62,8,19,all games,Dallas Cowboys vs. Detroit Lions November 17 2019
469,36-26,36,26,62,10,2,all games,San Francisco 49ers vs. Arizona Cardinals November 17 2019
470,21-7,21,7,28,14,84,all games,Cleveland Browns vs. Pittsburgh Steelers November 14 2019
471,49-13,49,13,62,36,4,all games,Baltimore Ravens vs. Cincinnati Bengals November 10 2019
472,37-18,37,18,55,19,2,all games,Dallas Cowboys vs. New York Giants November 4 2019
473,51-13,51,13,64,38,1,all games,San Francisco 49ers vs. Carolina Panthers October 27 2019
474,33-0,33,0,33,33,9,all games,New England Patriots vs. New York Jets October 21 2019
475,36-25,36,25,61,11,2,all games,New Orleans Saints vs. Chicago Bears October 20 2019
476,16-0,16,0,16,16,48,all games,Denver Broncos vs. Tennessee Titans October 13 2019
477,32-28,32,28,60,4,7,all games,Seattle Seahawks vs. Cleveland Browns October 13 2019
478,53-32,53,32,85,21,1,all games,Houston Texans vs. Atlanta Falcons October 6 2019
479,40-25,40,25,65,15,1,all games,Cleveland Browns vs. Baltimore Ravens September 29 2019
480,55-40,55,40,95,15,1,all games,Tampa Bay Buccaneers vs. Los Angeles Rams September 29 2019
481,13-12,13,12,25,1,21,all games,Houston Texans vs. Jacksonville Jaguars September 15 2019
482,27-9,27,9,36,18,15,all games,Los Angeles Rams vs. New Orleans Saints September 15 2019
483,28-26,28,26,54,2,12,all games,Seattle Seahawks vs. Pittsburgh Steelers September 15 2019
484,43-0,43,0,43,43,6,all games,New England Patriots vs. Miami Dolphins September 15 2019
485,33-3,33,3,36,30,11,all games,New England Patriots vs. Pittsburgh Steelers September 8 2019
486,27-27,27,27,54,0,6,all games,Arizona Cardinals vs. Detroit Lions September 8 2019
487,43-13,43,13,56,30,4,all games,Tennessee Titans vs. Cleveland Browns September 8 2019
488,40-26,40,26,66,14,2,all games,Kansas City Chiefs vs. Jacksonville Jaguars September 8 2019
489,59-10,59,10,69,49,1,all games,Baltimore Ravens vs. Miami Dolphins September 8 2019
490,41-28,41,28,69,13,13,all games,New England Patriots vs. Los Angeles Chargers January 13 2019
491,30-22,30,22,52,8,9,all games,Los Angeles Rams vs. Dallas Cowboys January 12 2019
492,42-17,42,17,59,25,22,all games,Buffalo Bills vs. Miami Dolphins December 30 2018
493,35-3,35,3,38,32,19,all games,Kansas City Chiefs vs. Oakland Raiders December 30 2018
494,34-32,34,32,66,2,3,all games,Atlanta Falcons vs. Tampa Bay Buccaneers December 30 2018
495,48-32,48,32,80,16,1,all games,Los Angeles Rams vs. San Francisco 49ers December 30 2018
496,44-38,44,38,82,6,5,all games,Green Bay Packers vs. New York Jets December 23 2018
497,14-13,14,13,27,1,58,all games,Buffalo Bills vs. Detroit Lions December 16 2018
498,23-0,23,0,23,23,43,all games,Indianapolis Colts vs. Dallas Cowboys December 16 2018
499,29-28,29,28,57,1,14,all games,Los Angeles Chargers vs. Kansas City Chiefs December 13 2018
500,15-6,15,6,21,9,4,all games,Chicago Bears vs. Los Angeles Rams December 9 2018
501,40-16,40,16,56,24,4,all games,New York Giants vs. Washington Redskins December 9 2018
502,54-51,54,51,105,3,1,all games,Los Angeles Rams vs. Kansas City Chiefs November 19 2018
503,48-7,48,7,55,41,10,all games,New Orleans Saints vs. Philadelphia Eagles November 18 2018
504,16-3,16,3,19,13,27,all games,Washington Redskins vs. Tampa Bay Buccaneers November 11 2018
505,31-12,31,12,43,19,5,all games,Green Bay Packers vs. Miami Dolphins November 11 2018
506,36-31,36,31,67,5,4,all games,Los Angeles Rams vs. Seattle Seahawks November 11 2018
507,34-22,34,22,56,12,3,all games,Chicago Bears vs. Detroit Lions November 11 2018
508,52-21,52,21,73,31,9,all games,Pittsburgh Steelers vs. Carolina Panthers November 8 2018
509,38-14,38,14,52,24,57,all games,Atlanta Falcons vs. Washington Redskins November 4 2018
510,42-28,42,28,70,14,15,all games,Carolina Panthers vs. Tampa Bay Buccaneers November 4 2018
511,45-35,45,35,80,10,8,all games,New Orleans Saints vs. Los Angeles Rams November 4 2018
512,41-9,41,9,50,32,7,all games,Chicago Bears vs. Buffalo Bills November 4 2018
513,18-15,18,15,33,3,8,all games,Arizona Cardinals vs. San Francisco 49ers October 28 2018
514,36-21,36,21,57,15,5,all games,Carolina Panthers vs. Baltimore Ravens October 28 2018
515,42-23,42,23,65,19,5,all games,Houston Texans vs. Miami Dolphins October 25 2018
516,24-23,24,23,47,1,75,all games,New Orleans Saints vs. Baltimore Ravens October 21 2018
517,37-5,37,5,42,32,1,all games,Indianapolis Colts vs. Buffalo Bills October 21 2018
518,21-0,21,0,21,21,68,all games,Baltimore Ravens vs. Tennessee Titans October 14 2018
519,40-7,40,7,47,33,19,all games,Dallas Cowboys vs. Jacksonville Jaguars October 14 2018
520,34-29,34,29,63,5,7,all games,Atlanta Falcons vs. Tampa Bay Buccaneers October 14 2018
521,43-40,43,40,83,3,1,all games,New England Patriots vs. Kansas City Chiefs October 14 2018
522,43-19,43,19,62,24,1,all games,New Orleans Saints vs. Washington Redskins October 8 2018
523,28-18,28,18,46,10,7,all games,Arizona Cardinals vs. San Francisco 49ers October 7 2018
524,22-0,22,0,22,22,14,all games,Green Bay Packers vs. Buffalo Bills September 30 2018
525,48-10,48,10,58,38,8,all games,Chicago Bears vs. Tampa Bay Buccaneers September 30 2018
526,45-42,45,42,87,3,4,all games,Oakland Raiders vs. Cleveland Browns September 30 2018
527,37-36,37,36,73,1,3,all games,Cincinnati Bengals vs. Atlanta Falcons September 30 2018
528,24-13,24,13,37,11,70,all games,Seattle Seahawks vs. Dallas Cowboys September 23 2018
529,43-37,43,37,80,6,4,all games,New Orleans Saints vs. Atlanta Falcons September 23 2018
530,42-37,42,37,79,5,3,all games,Kansas City Chiefs vs. Pittsburgh Steelers September 16 2018
531,29-29,29,29,58,0,1,all games,Green Bay Packers vs. Minnesota Vikings September 16 2018
532,48-17,48,17,65,31,11,all games,New York Jets vs. Detroit Lions September 10 2018
533,21-21,21,21,42,0,15,all games,Cleveland Browns vs. Pittsburgh Steelers September 9 2018
534,16-8,16,8,24,8,2,all games,Carolina Panthers vs. Dallas Cowboys September 9 2018
535,47-3,47,3,50,44,2,all games,Baltimore Ravens vs. Buffalo Bills September 9 2018
536,48-40,48,40,88,8,1,all games,Tampa Bay Buccaneers vs. New Orleans Saints September 9 2018
537,29-24,29,24,53,5,14,all games,Minnesota Vikings vs. New Orleans Saints January 14 2018
538,26-13,26,13,39,13,21,all games,Atlanta Falcons vs. Los Angeles Rams January 6 2018
539,35-11,35,11,46,24,2,all games,Detroit Lions vs. Green Bay Packers December 31 2017
540,37-16,37,16,53,21,11,all games,New England Patriots vs. Buffalo Bills December 24 2017
541,21-12,21,12,33,9,8,all games,Seattle Seahawks vs. Dallas Cowboys December 24 2017
542,27-11,27,11,38,16,7,all games,Washington Redskins vs. Denver Broncos December 24 2017
543,44-33,44,33,77,11,1,all games,San Francisco 49ers vs. Jacksonville Jaguars December 24 2017
544,42-7,42,7,49,35,29,all games,Los Angeles Rams vs. Seattle Seahawks December 17 2017
545,25-13,25,13,38,12,6,all games,Denver Broncos vs. Indianapolis Colts December 14 2017
546,43-35,43,35,78,8,3,all games,Philadelphia Eagles vs. Los Angeles Rams December 10 2017
547,15-14,15,14,29,1,9,all games,San Francisco 49ers vs. Chicago Bears December 3 2017
548,32-16,32,16,48,16,3,all games,Los Angeles Rams vs. Arizona Cardinals December 3 2017
549,37-9,37,9,46,28,3,all games,Philadelphia Eagles vs. Dallas Cowboys November 19 2017
550,33-8,33,8,41,25,1,all games,New England Patriots vs. Oakland Raiders November 19 2017
551,54-24,54,24,78,30,1,all games,Los Angeles Chargers vs. Buffalo Bills November 19 2017
552,45-21,45,21,66,24,26,all games,Carolina Panthers vs. Miami Dolphins November 13 2017
553,47-10,47,10,57,37,4,all games,New Orleans Saints vs. Buffalo Bills November 12 2017
554,51-23,51,23,74,28,3,all games,Philadelphia Eagles vs. Denver Broncos November 5 2017
555,51-17,51,17,68,34,3,all games,Los Angeles Rams vs. New York Giants November 5 2017
556,34-21,34,21,55,13,43,all games,New York Jets vs. Buffalo Bills November 2 2017
557,33-19,33,19,52,14,8,all games,Dallas Cowboys vs. Washington Redskins October 29 2017
558,29-14,29,14,43,15,18,all games,Pittsburgh Steelers vs. Cincinnati Bengals October 22 2017
559,40-10,40,10,50,30,7,all games,Dallas Cowboys vs. San Francisco 49ers October 22 2017
560,38-33,38,33,71,5,5,all games,Arizona Cardinals vs. Tampa Bay Buccaneers October 15 2017
561,52-38,52,38,90,14,1,all games,New Orleans Saints vs. Detroit Lions October 15 2017
562,29-20,29,20,49,9,11,all games,Kansas City Chiefs vs. Washington Redskins October 2 2017
563,57-14,57,14,71,43,1,all games,Houston Texans vs. Tennessee Titans October 1 2017
564,46-18,46,18,64,28,1,all games,Seattle Seahawks vs. Indianapolis Colts October 1 2017
565,44-7,44,7,51,37,20,all games,Jacksonville Jaguars vs. Baltimore Ravens September 24 2017
566,41-39,41,39,80,2,1,all games,Los Angeles Rams vs. San Francisco 49ers September 21 2017
567,29-7,29,7,36,22,19,all games,Tampa Bay Buccaneers vs. Chicago Bears September 17 2017
568,9-3,9,3,12,6,17,all games,Carolina Panthers vs. Buffalo Bills September 17 2017
569,46-9,46,9,55,37,1,all games,Los Angeles Rams vs. Indianapolis Colts September 10 2017
570,42-27,42,27,69,15,8,all games,Kansas City Chiefs vs. New England Patriots September 7 2017
571,36-17,36,17,53,19,5,all games,New England Patriots vs. Pittsburgh Steelers January 22 2017
572,18-16,18,16,34,2,8,all games,Pittsburgh Steelers vs. Kansas City Chiefs January 15 2017
573,38-32,38,32,70,6,3,all games,Atlanta Falcons vs. New Orleans Saints January 1 2017
574,41-3,41,3,44,38,11,all games,New England Patriots vs. New York Jets December 24 2016
575,17-6,17,6,23,11,64,all games,New York Giants vs. Detroit Lions December 18 2016
576,41-13,41,13,54,28,14,all games,Atlanta Falcons vs. San Francisco 49ers December 18 2016
577,48-41,48,41,89,7,2,all games,New Orleans Saints vs. Arizona Cardinals December 18 2016
578,42-14,42,14,56,28,28,all games,Atlanta Falcons vs. Los Angeles Rams December 11 2016
579,16-11,16,11,27,5,2,all games,Tampa Bay Buccaneers vs. New Orleans Saints December 11 2016
580,32-14,32,14,46,18,9,all games,Cincinnati Bengals vs. Philadelphia Eagles December 4 2016
581,49-21,49,21,70,28,12,all games,New Orleans Saints vs. Los Angeles Rams November 27 2016
582,38-19,38,19,57,19,5,all games,Atlanta Falcons vs. Arizona Cardinals November 27 2016
583,14-5,14,5,19,9,2,all games,Tampa Bay Buccaneers vs. Seattle Seahawks November 27 2016
584,28-7,28,7,35,21,82,all games,Pittsburgh Steelers vs. Indianapolis Colts November 24 2016
585,47-25,47,25,72,22,2,all games,Tennessee Titans vs. Green Bay Packers November 13 2016
586,43-28,43,28,71,15,3,all games,Atlanta Falcons vs. Tampa Bay Buccaneers November 3 2016
587,33-32,33,32,65,1,2,all games,Atlanta Falcons vs. Green Bay Packers October 30 2016
588,21-10,21,10,31,11,64,all games,Philadelphia Eagles vs. Minnesota Vikings October 23 2016
589,6-6,6,6,12,0,16,all games,Arizona Cardinals vs. Seattle Seahawks October 23 2016
590,45-16,45,16,61,29,3,all games,Buffalo Bills vs. San Francisco 49ers October 16 2016
591,30-19,30,19,49,11,9,all games,Buffalo Bills vs. Los Angeles Rams October 9 2016
592,35-34,35,34,69,1,9,all games,New Orleans Saints vs. San Diego Chargers October 2 2016
593,43-14,43,14,57,29,8,all games,Pittsburgh Steelers vs. Kansas City Chiefs October 2 2016
594,48-33,48,33,81,15,1,all games,Atlanta Falcons vs. Carolina Panthers October 2 2016
595,45-32,45,32,77,13,1,all games,Atlanta Falcons vs. New Orleans Saints September 26 2016
596,37-32,37,32,69,5,2,all games,Los Angeles Rams vs. Tampa Bay Buccaneers September 25 2016
597,35-28,35,28,63,7,23,all games,Atlanta Falcons vs. Oakland Raiders September 18 2016
598,46-27,46,27,73,19,1,all games,Carolina Panthers vs. San Francisco 49ers September 18 2016
599,28-0,28,0,28,28,42,all games,San Francisco 49ers vs. Los Angeles Rams September 12 2016
600,38-16,38,16,54,22,7,all games,Pittsburgh Steelers vs. Washington Redskins September 12 2016
601,29-10,29,10,39,19,17,all games,Philadelphia Eagles vs. Cleveland Browns September 11 2016
602,39-35,39,35,74,4,3,all games,Detroit Lions vs. Indianapolis Colts September 11 2016
603,49-15,49,15,64,34,1,all games,Carolina Panthers vs. Arizona Cardinals January 24 2016
604,35-18,35,18,53,17,2,all games,Green Bay Packers vs. Washington Redskins January 10 2016
605,30-0,30,0,30,30,20,all games,Kansas City Chiefs vs. Houston Texans January 9 2016
606,36-6,36,6,42,30,4,all games,Seattle Seahawks vs. Arizona Cardinals January 3 2016
607,32-17,32,17,49,15,5,all games,Detroit Lions vs. San Francisco 49ers December 27 2015
608,38-8,38,8,46,30,2,all games,Arizona Cardinals vs. Green Bay Packers December 27 2015
609,35-25,35,25,60,10,3,all games,Washington Redskins vs. Buffalo Bills December 20 2015
610,38-0,38,0,38,38,22,all games,Carolina Panthers vs. Atlanta Falcons December 13 2015
611,33-20,33,20,53,13,11,all games,Pittsburgh Steelers vs. Cincinnati Bengals December 13 2015
612,15-12,15,12,27,3,8,all games,Oakland Raiders vs. Denver Broncos December 13 2015
613,35-6,35,6,41,29,7,all games,Seattle Seahawks vs. Baltimore Ravens December 13 2015
614,30-8,30,8,38,22,2,all games,New York Jets vs. Tennessee Titans December 13 2015
615,51-16,51,16,67,35,1,all games,Jacksonville Jaguars vs. Indianapolis Colts December 13 2015
616,30-21,30,21,51,9,30,all games,Buffalo Bills vs. Houston Texans December 6 2015
617,42-39,42,39,81,3,1,all games,Tennessee Titans vs. Jacksonville Jaguars December 6 2015
618,25-12,25,12,37,13,3,all games,Indianapolis Colts vs. Tampa Bay Buccaneers November 29 2015
619,39-30,39,30,69,9,1,all games,Seattle Seahawks vs. Pittsburgh Steelers November 29 2015
620,45-14,45,14,59,31,20,all games,Detroit Lions vs. Philadelphia Eagles November 26 2015
621,18-13,18,13,31,5,4,all games,Detroit Lions vs. Oakland Raiders November 22 2015
622,44-16,44,16,60,28,2,all games,Carolina Panthers vs. Washington Redskins November 22 2015
623,37-13,37,13,50,24,22,all games,Chicago Bears vs. St. Louis Rams November 15 2015
624,22-20,22,20,42,2,17,all games,Jacksonville Jaguars vs. Baltimore Ravens November 15 2015
625,47-14,47,14,61,33,4,all games,Washington Redskins vs. New Orleans Saints November 15 2015
626,37-29,37,29,66,8,4,all games,Carolina Panthers vs. Green Bay Packers November 8 2015
627,52-49,52,49,101,3,2,all games,New Orleans Saints vs. New York Giants November 1 2015
628,44-26,44,26,70,18,2,all games,Miami Dolphins vs. Houston Texans October 25 2015
629,25-19,25,19,44,6,7,all games,Atlanta Falcons vs. Washington Redskins October 11 2015
630,48-21,48,21,69,27,16,all games,Atlanta Falcons vs. Houston Texans October 4 2015
631,12-6,12,6,18,6,15,all games,Pittsburgh Steelers vs. St. Louis Rams September 27 2015
632,39-28,39,28,67,11,2,all games,Atlanta Falcons vs. Dallas Cowboys September 27 2015
633,48-23,48,23,71,25,4,all games,Arizona Cardinals vs. Chicago Bears September 20 2015
634,37-33,37,33,70,4,4,all games,Oakland Raiders vs. Baltimore Ravens September 20 2015
635,43-18,43,18,61,25,1,all games,Pittsburgh Steelers vs. San Francisco 49ers September 20 2015
636,37-24,37,24,61,13,16,all games,New York Jets vs. Miami Dolphins December 28 2014
637,44-17,44,17,61,27,9,all games,Dallas Cowboys vs. Washington Redskins December 28 2014
638,29-16,29,16,45,13,4,all games,Denver Broncos vs. Kansas City Chiefs November 30 2014
639,52-0,52,0,52,52,3,all games,St. Louis Rams vs. Oakland Raiders November 30 2014
640,49-27,49,27,76,22,3,all games,Indianapolis Colts vs. Washington Redskins November 30 2014
641,29-18,29,18,47,11,2,all games,Atlanta Falcons vs. Arizona Cardinals November 30 2014
642,43-24,43,24,67,19,7,all games,Philadelphia Eagles vs. Tennessee Titans November 23 2014
643,34-9,34,9,43,25,7,all games,New England Patriots vs. Detroit Lions November 23 2014
644,14-6,14,6,20,8,49,all games,Arizona Cardinals vs. Detroit Lions November 16 2014
645,53-20,53,20,73,33,1,all games,Green Bay Packers vs. Philadelphia Eagles November 16 2014
646,55-14,55,14,69,41,6,all games,Green Bay Packers vs. Chicago Bears November 9 2014
647,40-24,40,24,64,16,7,all games,Indianapolis Colts vs. New York Giants November 3 2014
648,37-0,37,0,37,37,17,all games,Miami Dolphins vs. San Diego Chargers November 2 2014
649,43-23,43,23,66,20,3,all games,Pittsburgh Steelers vs. Baltimore Ravens November 2 2014
650,51-34,51,34,85,17,1,all games,Pittsburgh Steelers vs. Indianapolis Colts October 26 2014
651,35-21,35,21,56,14,38,all games,Denver Broncos vs. San Diego Chargers October 23 2014
652,37-22,37,22,59,15,5,all games,New England Patriots vs. Buffalo Bills October 12 2014
653,37-37,37,37,74,0,1,all games,Carolina Panthers vs. Cincinnati Bengals October 12 2014
654,41-20,41,20,61,21,14,all games,Denver Broncos vs. Arizona Cardinals October 5 2014
655,34-15,34,15,49,19,5,all games,Kansas City Chiefs vs. Miami Dolphins September 21 2014
656,25-14,25,14,39,11,5,all games,Arizona Cardinals vs. New York Giants September 14 2014
657,36-16,36,16,52,20,1,all games,Seattle Seahawks vs. Green Bay Packers September 4 2014
658,43-8,43,8,51,35,1,all games,Seattle Seahawks vs. Denver Broncos February 2 2014
659,43-22,43,22,65,21,1,all games,New England Patriots vs. Indianapolis Colts January 11 2014
660,45-44,45,44,89,1,1,all games,Indianapolis Colts vs. Kansas City Chiefs January 4 2014
661,19-0,19,0,19,19,35,all games,Buffalo Bills vs. Miami Dolphins December 22 2013
662,54-11,54,11,65,43,1,all games,Philadelphia Eagles vs. Chicago Bears December 22 2013
663,48-30,48,30,78,18,2,all games,Minnesota Vikings vs. Philadelphia Eagles December 15 2013
664,56-31,56,31,87,25,1,all games,Kansas City Chiefs vs. Oakland Raiders December 15 2013
665,45-28,45,28,73,17,18,all games,Chicago Bears vs. Dallas Cowboys December 9 2013
666,51-28,51,28,79,23,1,all games,Denver Broncos vs. Tennessee Titans December 8 2013
667,40-11,40,11,51,29,1,all games,Arizona Cardinals vs. Indianapolis Colts November 24 2013
668,26-26,26,26,52,0,1,all games,Green Bay Packers vs. Minnesota Vikings November 24 2013
669,49-20,49,20,69,29,2,all games,Philadelphia Eagles vs. Oakland Raiders November 3 2013
670,55-31,55,31,86,24,1,all games,New England Patriots vs. Pittsburgh Steelers November 3 2013
671,15-7,15,7,22,8,10,all games,New York Giants vs. Philadelphia Eagles October 27 2013
672,44-31,44,31,75,13,2,all games,Green Bay Packers vs. Minnesota Vikings October 27 2013
673,49-9,49,9,58,40,1,all games,Cincinnati Bengals vs. New York Jets October 27 2013
674,45-41,45,41,86,4,3,all games,Washington Redskins vs. Chicago Bears October 20 2013
675,39-33,39,33,72,6,1,all games,Indianapolis Colts vs. Denver Broncos October 20 2013
676,19-6,19,6,25,13,13,all games,Pittsburgh Steelers vs. New York Jets October 13 2013
677,35-19,35,19,54,16,5,all games,Denver Broncos vs. Jacksonville Jaguars October 13 2013
678,32-20,32,20,52,12,4,all games,San Francisco 49ers vs. Arizona Cardinals October 13 2013
679,51-48,51,48,99,3,2,all games,Denver Broncos vs. Dallas Cowboys October 6 2013
680,52-20,52,20,72,32,3,all games,Denver Broncos vs. Philadelphia Eagles September 29 2013
681,25-21,25,21,46,4,8,all games,Arizona Cardinals vs. Detroit Lions September 15 2013
682,28-2,28,2,30,26,1,all games,Kansas City Chiefs vs. Jacksonville Jaguars September 8 2013
683,45-31,45,31,76,14,8,all games,San Francisco 49ers vs. Green Bay Packers January 12 2013
684,28-9,28,9,37,19,6,all games,Buffalo Bills vs. New York Jets December 30 2012
685,42-13,42,13,55,29,7,all games,Seattle Seahawks vs. San Francisco 49ers December 23 2012
686,34-12,34,12,46,22,6,all games,Denver Broncos vs. Cleveland Browns December 23 2012
687,55-7,55,7,62,48,3,all games,Green Bay Packers vs. Tennessee Titans December 23 2012
688,41-0,41,0,41,41,20,all games,New Orleans Saints vs. Tampa Bay Buccaneers December 16 2012
689,15-0,15,0,15,15,15,all games,Oakland Raiders vs. Kansas City Chiefs December 16 2012
690,41-34,41,34,75,7,6,all games,San Francisco 49ers vs. New England Patriots December 16 2012
691,50-17,50,17,67,33,3,all games,Seattle Seahawks vs. Buffalo Bills December 16 2012
692,52-27,52,27,79,25,1,all games,New York Giants vs. New Orleans Saints December 9 2012
693,58-0,58,0,58,58,1,all games,Seattle Seahawks vs. Arizona Cardinals December 9 2012
694,7-6,7,6,13,1,56,all games,New York Jets vs. Arizona Cardinals December 2 2012
695,34-18,34,18,52,16,3,all games,Buffalo Bills vs. Jacksonville Jaguars December 2 2012
696,49-19,49,19,68,30,1,all games,New England Patriots vs. New York Jets November 22 2012
697,32-7,32,7,39,25,5,all games,San Francisco 49ers vs. Chicago Bears November 19 2012
698,59-24,59,24,83,35,1,all games,New England Patriots vs. Indianapolis Colts November 18 2012
699,24-24,24,24,48,0,17,all games,St. Louis Rams vs. San Francisco 49ers November 11 2012
700,38-23,38,23,61,15,13,all games,Dallas Cowboys vs. Philadelphia Eagles November 11 2012
701,36-14,36,14,50,22,12,all games,Denver Broncos vs. Carolina Panthers November 11 2012
702,55-20,55,20,75,35,3,all games,Baltimore Ravens vs. Oakland Raiders November 11 2012
703,42-32,42,32,74,10,2,all games,Tampa Bay Buccaneers vs. Oakland Raiders November 4 2012
704,51-20,51,20,71,31,1,all games,Chicago Bears vs. Tennessee Titans November 4 2012
705,38-26,38,26,64,12,3,all games,Washington Redskins vs. Minnesota Vikings October 14 2012
706,41-27,41,27,68,14,12,all games,New York Giants vs. Cleveland Browns October 7 2012
707,45-3,45,3,48,42,12,all games,San Francisco 49ers vs. Buffalo Bills October 7 2012
708,37-6,37,6,43,31,10,all games,Denver Broncos vs. Oakland Raiders September 30 2012
709,52-28,52,28,80,24,2,all games,New England Patriots vs. Buffalo Bills September 30 2012
710,44-41,44,41,85,3,4,all games,Tennessee Titans vs. Detroit Lions September 23 2012
711,44-13,44,13,57,31,6,all games,Baltimore Ravens vs. Cincinnati Bengals September 10 2012
712,48-28,48,28,76,20,3,all games,New York Jets vs. Buffalo Bills September 9 2012
713,36-32,36,32,68,4,1,all games,San Francisco 49ers vs. New Orleans Saints January 14 2012
714,24-2,24,2,26,22,3,all games,New York Giants vs. Atlanta Falcons January 8 2012
715,7-3,7,3,10,4,30,all games,Kansas City Chiefs vs. Denver Broncos January 1 2012
716,45-24,45,24,69,21,15,all games,Atlanta Falcons vs. Tampa Bay Buccaneers January 1 2012
717,48-16,48,16,64,32,3,all games,Carolina Panthers vs. Tampa Bay Buccaneers December 24 2011
718,45-19,45,19,64,26,2,all games,Philadelphia Eagles vs. New York Jets December 18 2011
719,46-16,46,16,62,30,1,all games,Green Bay Packers vs. Oakland Raiders December 11 2011
720,14-3,14,3,17,11,40,all games,Pittsburgh Steelers vs. Cleveland Browns December 8 2011
721,34-19,34,19,53,15,8,all games,New York Jets vs. Washington Redskins December 4 2011
722,49-24,49,24,73,25,3,all games,New Orleans Saints vs. New York Giants November 28 2011
723,35-26,35,26,61,9,5,all games,Green Bay Packers vs. Tampa Bay Buccaneers November 20 2011
724,35-8,35,8,43,27,3,all games,Miami Dolphins vs. Buffalo Bills November 20 2011
725,49-35,49,35,84,14,2,all games,Detroit Lions vs. Carolina Panthers November 20 2011
726,30-3,30,3,33,27,21,all games,Tennessee Titans vs. Carolina Panthers November 13 2011
727,45-38,45,38,83,7,5,all games,Green Bay Packers vs. San Diego Chargers November 6 2011
728,6-3,6,3,9,3,34,all games,Cleveland Browns vs. Seattle Seahawks October 23 2011
729,62-7,62,7,69,55,3,all games,New Orleans Saints vs. Indianapolis Colts October 23 2011
730,48-3,48,3,51,45,5,all games,San Francisco 49ers vs. Tampa Bay Buccaneers October 9 2011
731,49-23,49,23,72,26,1,all games,Green Bay Packers vs. Denver Broncos October 2 2011
732,32-3,32,3,35,29,4,all games,New York Jets vs. Jacksonville Jaguars September 18 2011
733,41-36,41,36,77,5,2,all games,Seattle Seahawks vs. New Orleans Saints January 8 2011
734,38-34,38,34,72,4,11,all games,Chicago Bears vs. New York Jets December 26 2010
735,39-23,39,23,62,16,1,all games,Oakland Raiders vs. Denver Broncos December 19 2010
736,40-21,40,21,61,19,9,all games,San Francisco 49ers vs. Seattle Seahawks December 12 2010
737,49-31,49,31,80,18,5,all games,Buffalo Bills vs. Cincinnati Bengals November 21 2010
738,59-28,59,28,87,31,1,all games,Philadelphia Eagles vs. Washington Redskins November 15 2010
739,39-26,39,26,65,13,3,all games,New England Patriots vs. Pittsburgh Steelers November 14 2010
740,36-18,36,18,54,18,1,all games,Seattle Seahawks vs. Arizona Cardinals November 14 2010
741,37-25,37,25,62,12,2,all games,Detroit Lions vs. Washington Redskins October 31 2010
742,59-14,59,14,73,45,3,all games,Oakland Raiders vs. Denver Broncos October 24 2010
743,51-45,51,45,96,6,3,all games,Arizona Cardinals vs. Green Bay Packers January 10 2010
744,44-24,44,24,68,20,7,all games,Kansas City Chiefs vs. Denver Broncos January 3 2010
745,36-30,36,30,66,6,6,all games,Chicago Bears vs. Minnesota Vikings December 28 2009
746,45-12,45,12,57,33,2,all games,New York Giants vs. Washington Redskins December 21 2009
747,16-7,16,7,23,9,42,all games,Cincinnati Bengals vs. Cleveland Browns November 29 2009
748,38-37,38,37,75,1,3,all games,Detroit Lions vs. Cleveland Browns November 22 2009
749,18-14,18,14,32,4,5,all games,Indianapolis Colts vs. San Francisco 49ers November 1 2009
750,30-25,30,25,55,5,2,all games,Miami Dolphins vs. New York Jets November 1 2009
751,42-6,42,6,48,36,6,all games,Indianapolis Colts vs. St. Louis Rams October 25 2009
752,46-34,46,34,80,12,1,all games,New Orleans Saints vs. Miami Dolphins October 25 2009
753,59-0,59,0,59,59,4,all games,New England Patriots vs. Tennessee Titans October 18 2009
754,48-27,48,27,75,21,3,all games,New Orleans Saints vs. New York Giants October 18 2009
755,29-6,29,6,35,23,5,all games,Houston Texans vs. Oakland Raiders October 4 2009
756,48-24,48,24,72,24,3,all games,Chicago Bears vs. Detroit Lions October 4 2009
757,9-7,9,7,16,2,39,all games,Washington Redskins vs. St. Louis Rams September 20 2009
758,45-27,45,27,72,18,6,all games,New Orleans Saints vs. Detroit Lions September 13 2009
759,32-25,32,25,57,7,3,all games,Arizona Cardinals vs. Philadelphia Eagles January 18 2009
760,23-11,23,11,34,12,1,all games,Philadelphia Eagles vs. New York Giants January 11 2009
761,14-0,14,0,14,14,77,all games,Cincinnati Bengals vs. Cleveland Browns December 21 2008
762,20-8,20,8,28,12,3,all games,Dallas Cowboys vs. New York Giants December 14 2008
763,49-26,49,26,75,23,3,all games,New England Patriots vs. Oakland Raiders December 14 2008
764,54-31,54,31,85,23,1,all games,Buffalo Bills vs. Kansas City Chiefs November 23 2008
765,13-13,13,13,26,0,18,all games,Cincinnati Bengals vs. Philadelphia Eagles November 16 2008
766,31-22,31,22,53,9,8,all games,Carolina Panthers vs. Detroit Lions November 16 2008
767,14-11,14,11,25,3,3,all games,Washington Redskins vs. Cleveland Browns October 19 2008
768,56-35,56,35,91,21,1,all games,New York Jets vs. Arizona Cardinals September 28 2008
769,48-29,48,29,77,19,1,all games,San Diego Chargers vs. New York Jets September 22 2008
770,23-8,23,8,31,15,3,all games,Oakland Raiders vs. Kansas City Chiefs September 14 2008
771,49-11,49,11,60,38,1,all games,Jacksonville Jaguars vs. Oakland Raiders December 23 2007
772,8-0,8,0,8,8,5,all games,Cleveland Browns vs. Buffalo Bills December 16 2007
773,40-13,40,13,53,27,5,all games,New York Jets vs. Miami Dolphins December 2 2007
774,56-10,56,10,66,46,4,all games,New England Patriots vs. Buffalo Bills November 18 2007
775,52-7,52,7,59,45,2,all games,New England Patriots vs. Washington Redskins October 28 2007
776,38-36,38,36,74,2,6,all games,Tennessee Titans vs. Houston Texans October 21 2007
777,49-28,49,28,77,21,3,all games,New England Patriots vs. Miami Dolphins October 21 2007
778,33-15,33,15,48,18,1,all games,New York Giants vs. San Francisco 49ers October 21 2007
779,22-3,22,3,25,19,8,all games,Baltimore Ravens vs. St. Louis Rams October 14 2007
780,56-21,56,21,77,35,2,all games,Philadelphia Eagles vs. Detroit Lions September 23 2007
781,39-14,39,14,53,25,3,all games,Chicago Bears vs. New Orleans Saints January 21 2007
782,39-31,39,31,70,8,3,all games,Detroit Lions vs. Dallas Cowboys December 31 2006
783,10-0,10,0,10,10,61,all games,Chicago Bears vs. New York Jets November 19 2006
784,49-41,49,41,90,8,1,all games,San Diego Chargers vs. Cincinnati Bengals November 12 2006
785,32-10,32,10,42,22,6,all games,Atlanta Falcons vs. Arizona Cardinals October 1 2006
786,44-11,44,11,55,33,1,all games,Carolina Panthers vs. Atlanta Falcons January 1 2006
787,18-3,18,3,21,15,2,all games,Pittsburgh Steelers vs. Minnesota Vikings December 18 2005
788,42-0,42,0,42,42,16,all games,Seattle Seahawks vs. Philadelphia Eagles December 5 2005
789,42-29,42,29,71,13,1,all games,Cincinnati Bengals vs. Baltimore Ravens November 27 2005
790,45-37,45,37,82,8,2,all games,Indianapolis Colts vs. Cincinnati Bengals November 20 2005
791,36-0,36,0,36,36,7,all games,New York Giants vs. Washington Redskins October 30 2005
792,34-25,34,25,59,9,4,all games,Oakland Raiders vs. Tennessee Titans October 30 2005
793,52-17,52,17,69,35,3,all games,Washington Redskins vs. San Francisco 49ers October 23 2005
794,52-3,52,3,55,49,1,all games,Green Bay Packers vs. New Orleans Saints October 9 2005
795,45-23,45,23,68,22,1,all games,San Diego Chargers vs. New York Giants September 25 2005
796,42-3,42,3,45,39,6,all games,Philadelphia Eagles vs. San Francisco 49ers September 18 2005
797,24-5,24,5,29,19,1,all games,Houston Texans vs. Chicago Bears December 19 2004
798,40-35,40,35,75,5,1,all games,Oakland Raiders vs. Tennessee Titans December 19 2004
799,43-39,43,39,82,4,1,all games,Dallas Cowboys vs. Seattle Seahawks December 6 2004
800,51-24,51,24,75,27,2,all games,Indianapolis Colts vs. Tennessee Titans December 5 2004
801,26-12,26,12,38,14,1,all games,Detroit Lions vs. Arizona Cardinals December 5 2004
802,42-15,42,15,57,27,1,all games,New England Patriots vs. Cleveland Browns December 5 2004
803,58-48,58,48,106,10,1,all games,Cincinnati Bengals vs. Cleveland Browns November 28 2004
804,23-12,23,12,35,11,9,all games,St. Louis Rams vs. Seattle Seahawks November 14 2004
805,49-14,49,14,63,35,8,all games,Indianapolis Colts vs. Houston Texans November 14 2004
806,40-22,40,22,62,18,1,all games,New England Patriots vs. St. Louis Rams November 7 2004
807,12-0,12,0,12,12,22,all games,New England Patriots vs. Miami Dolphins December 7 2003
808,50-14,50,14,64,36,2,all games,San Francisco 49ers vs. Arizona Cardinals December 7 2003
809,22-8,22,8,30,14,1,all games,Denver Broncos vs. Oakland Raiders November 30 2003
810,28-15,28,15,43,13,4,all games,Pittsburgh Steelers vs. Arizona Cardinals November 9 2003
811,38-5,38,5,43,33,1,all games,Kansas City Chiefs vs. Buffalo Bills October 26 2003
812,55-21,55,21,76,34,3,all games,Indianapolis Colts vs. New Orleans Saints September 28 2003
813,49-7,49,7,56,42,6,all games,San Francisco 49ers vs. Chicago Bears September 7 2003
814,36-15,36,15,51,21,1,all games,Atlanta Falcons vs. Detroit Lions December 22 2002
815,52-31,52,31,83,21,3,all games,Carolina Panthers vs. Cincinnati Bengals December 8 2002
816,49-10,49,10,59,39,1,all games,Kansas City Chiefs vs. St. Louis Rams December 8 2002
817,49-0,49,0,49,49,6,all games,Kansas City Chiefs vs. Arizona Cardinals December 1 2002
818,34-34,34,34,68,0,2,all games,Atlanta Falcons vs. Pittsburgh Steelers November 10 2002
819,25-7,25,7,32,18,8,all games,Minnesota Vikings vs. Chicago Bears October 27 2002
820,43-27,43,27,70,16,1,all games,New Orleans Saints vs. Washington Redskins October 13 2002
821,52-25,52,25,77,27,1,all games,Oakland Raiders vs. Tennessee Titans September 29 2002
822,45-39,45,39,84,6,1,all games,Buffalo Bills vs. Minnesota Vikings September 15 2002
823,41-6,41,6,47,35,6,all games,Miami Dolphins vs. Indianapolis Colts December 10 2001
824,39-27,39,27,66,12,1,all games,Baltimore Ravens vs. Indianapolis Colts December 2 2001
825,18-0,18,0,18,18,3,all games,Cleveland Browns vs. Cincinnati Bengals November 25 2001
826,36-3,36,3,39,33,1,all games,Philadelphia Eagles vs. Dallas Cowboys November 18 2001
827,48-14,48,14,62,34,7,all games,St. Louis Rams vs. Carolina Panthers November 11 2001
828,45-13,45,13,58,32,5,all games,Kansas City Chiefs vs. Washington Redskins September 30 2001
829,40-18,40,18,58,22,1,all games,Philadelphia Eagles vs. Dallas Cowboys September 30 2001
830,42-26,42,26,68,16,1,all games,Indianapolis Colts vs. Buffalo Bills September 23 2001
831,52-9,52,9,61,43,2,all games,Oakland Raiders vs. Carolina Panthers December 24 2000
832,44-10,44,10,54,34,9,all games,Jacksonville Jaguars vs. Arizona Cardinals December 10 2000
833,48-0,48,0,48,48,7,all games,Jacksonville Jaguars vs. Cleveland Browns December 3 2000
834,12-3,12,3,15,9,5,all games,Cincinnati Bengals vs. Cleveland Browns October 29 2000
835,40-37,40,37,77,3,2,all games,New York Jets vs. Miami Dolphins October 23 2000
836,54-34,54,34,88,20,1,all games,Kansas City Chiefs vs. St. Louis Rams October 22 2000
837,45-29,45,29,74,16,2,all games,St. Louis Rams vs. Atlanta Falcons October 15 2000
838,57-31,57,31,88,26,1,all games,St. Louis Rams vs. San Diego Chargers October 1 2000
839,27-18,27,18,45,9,1,all games,Buffalo Bills vs. Green Bay Packers September 10 2000
840,49-37,49,37,86,12,2,all games,St. Louis Rams vs. Minnesota Vikings January 16 2000
841,47-36,47,36,83,11,1,all games,Tennessee Titans vs. Pittsburgh Steelers January 2 2000
842,31-8,31,8,39,23,2,all games,Baltimore Ravens vs. New Orleans Saints December 19 1999
843,44-28,44,28,72,16,3,all games,Cincinnati Bengals vs. Cleveland Browns December 12 1999
844,35-12,35,12,47,23,4,all games,Atlanta Falcons vs. New Orleans Saints December 5 1999
845,44-30,44,30,74,14,2,all games,Cincinnati Bengals vs. San Francisco 49ers December 5 1999
846,43-12,43,12,55,31,1,all games,St. Louis Rams vs. New Orleans Saints November 28 1999
847,50-21,50,21,71,29,3,all games,Washington Redskins vs. New York Giants September 19 1999
848,19-5,19,5,24,14,1,all games,Tampa Bay Buccaneers vs. Philadelphia Eagles September 19 1999
849,45-33,45,33,78,12,1,all games,Buffalo Bills vs. New Orleans Saints December 27 1998
850,46-36,46,36,82,10,1,all games,Minnesota Vikings vs. Dallas Cowboys November 26 1998
851,24-11,24,11,35,13,1,all games,Jacksonville Jaguars vs. Cincinnati Bengals November 8 1998
852,44-14,44,14,58,30,8,all games,Tennessee Oilers vs. Cincinnati Bengals October 18 1998
853,12-8,12,8,20,4,2,all games,Tennessee Oilers vs. Baltimore Ravens October 11 1998
854,28-8,28,8,36,20,2,all games,Kansas City Chiefs vs. Oakland Raiders September 6 1998
855,44-9,44,9,53,35,2,all games,Kansas City Chiefs vs. San Francisco 49ers November 30 1997
856,44-42,44,42,86,2,1,all games,Philadelphia Eagles vs. Cincinnati Bengals November 30 1997
857,7-7,7,7,14,0,31,all games,Washington Redskins vs. New York Giants November 23 1997
858,10-10,10,10,20,0,24,all games,Philadelphia Eagles vs. Baltimore Ravens November 16 1997
859,45-34,45,34,79,11,4,all games,Seattle Seahawks vs. Oakland Raiders October 26 1997
860,19-18,19,18,37,1,2,all games,Tampa Bay Buccaneers vs. Arizona Cardinals September 28 1997
861,40-15,40,15,55,25,1,all games,Dallas Cowboys vs. Minnesota Vikings December 28 1996
862,34-8,34,8,42,26,1,all games,Denver Broncos vs. New England Patriots November 17 1996
863,59-16,59,16,75,43,1,all games,St. Louis Rams vs. Atlanta Falcons November 10 1996
864,46-38,46,38,84,8,1,all games,New England Patriots vs. Baltimore Ravens October 6 1996
865,22-15,22,15,37,7,1,all games,Seattle Seahawks vs. Miami Dolphins October 6 1996
866,39-13,39,13,52,26,1,all games,Green Bay Packers vs. Philadelphia Eagles September 9 1996
867,30-11,30,11,41,19,1,all games,Dallas Cowboys vs. Philadelphia Eagles January 7 1996
868,58-37,58,37,95,21,1,all games,Philadelphia Eagles vs. Detroit Lions December 30 1995
869,44-0,44,0,44,44,8,all games,Detroit Lions vs. Jacksonville Jaguars December 17 1995
870,42-33,42,33,75,9,2,all games,Houston Oilers vs. Denver Broncos November 26 1995
871,47-30,47,30,77,17,1,all games,Seattle Seahawks vs. Jacksonville Jaguars November 12 1995
872,11-7,11,7,18,4,3,all games,New Orleans Saints vs. San Francisco 49ers October 29 1995
873,52-14,52,14,66,38,6,all games,Miami Dolphins vs. New York Jets September 3 1995
874,29-9,29,9,38,20,2,all games,Pittsburgh Steelers vs. Cleveland Browns January 7 1995
875,44-15,44,15,59,29,1,all games,San Francisco 49ers vs. Chicago Bears January 7 1995
876,41-19,41,19,60,22,4,all games,Detroit Lions vs. Minnesota Vikings December 17 1994
877,42-31,42,31,73,11,7,all games,Buffalo Bills vs. Miami Dolphins December 4 1994
878,35-15,35,15,50,20,5,all games,San Diego Chargers vs. Seattle Seahawks October 30 1994
879,11-8,11,8,19,3,1,all games,Cleveland Browns vs. Houston Oilers October 13 1994
880,8-5,8,5,13,3,1,all games,Atlanta Falcons vs. Los Angeles Rams October 2 1994
881,40-8,40,8,48,32,1,all games,Philadelphia Eagles vs. San Francisco 49ers October 2 1994
882,32-0,32,0,32,32,10,all games,Cleveland Browns vs. Arizona Cardinals September 18 1994
883,44-3,44,3,47,41,1,all games,San Francisco 49ers vs. New York Giants January 15 1994
884,15-3,15,3,18,12,4,all games,Cincinnati Bengals vs. Los Angeles Rams December 19 1993
885,47-34,47,34,81,13,2,all games,Buffalo Bills vs. Miami Dolphins December 19 1993
886,55-17,55,17,72,38,1,all games,San Francisco 49ers vs. Detroit Lions December 19 1993
887,7-2,7,2,9,5,3,all games,New England Patriots vs. Cincinnati Bengals December 12 1993
888,21-8,21,8,29,13,1,all games,San Francisco 49ers vs. Cincinnati Bengals December 5 1993
889,22-5,22,5,27,17,2,all games,Seattle Seahawks vs. Cleveland Browns November 14 1993
890,56-17,56,17,73,39,5,all games,San Francisco 49ers vs. Atlanta Falcons October 18 1992
891,43-7,43,7,50,36,4,all games,Atlanta Falcons vs. Tampa Bay Buccaneers November 17 1991
892,39-34,39,34,73,5,1,all games,Atlanta Falcons vs. San Francisco 49ers October 13 1991
893,52-34,52,34,86,18,1,all games,Buffalo Bills vs. Pittsburgh Steelers September 8 1991
894,51-3,51,3,54,48,2,all games,Buffalo Bills vs. Los Angeles Raiders January 20 1991
895,58-14,58,14,72,44,1,all games,Houston Oilers vs. Cleveland Browns December 9 1990
896,40-27,40,27,67,13,1,all games,Detroit Lions vs. Denver Broncos November 22 1990
897,32-24,32,24,56,8,2,all games,Philadelphia Eagles vs. Minnesota Vikings October 15 1990
898,39-3,39,3,42,36,2,all games,San Diego Chargers vs. New York Jets October 14 1990
899,19-15,19,15,34,4,4,all games,Washington Redskins vs. Dallas Cowboys September 23 1990
900,47-27,47,27,74,20,4,all games,Atlanta Falcons vs. Houston Oilers September 9 1990
901,36-24,36,24,60,12,2,all games,Green Bay Packers vs. Los Angeles Rams September 9 1990
902,55-10,55,10,65,45,1,all games,San Francisco 49ers vs. Denver Broncos January 28 1990
903,40-28,40,28,68,12,3,all games,Green Bay Packers vs. Chicago Bears December 17 1989
904,61-7,61,7,68,54,2,all games,Cincinnati Bengals vs. Houston Oilers December 17 1989
905,56-23,56,23,79,33,1,all games,Cincinnati Bengals vs. Tampa Bay Buccaneers October 29 1989
906,17-5,17,5,22,12,2,all games,Philadelphia Eagles vs. Phoenix Cardinals October 15 1989
907,42-35,42,35,77,7,5,all games,Tampa Bay Buccaneers vs. Chicago Bears October 8 1989
908,39-7,39,7,46,32,3,all games,Houston Oilers vs. Miami Dolphins October 1 1989
909,47-41,47,41,88,6,2,all games,Buffalo Bills vs. Houston Oilers September 24 1989
910,51-0,51,0,51,51,3,all games,Cleveland Browns vs. Pittsburgh Steelers September 10 1989
911,18-6,18,6,24,12,4,all games,Green Bay Packers vs. Minnesota Vikings December 11 1988
912,10-5,10,5,15,5,1,all games,Tampa Bay Buccaneers vs. Buffalo Bills December 4 1988
913,55-23,55,23,78,32,1,all games,Indianapolis Colts vs. Denver Broncos October 31 1988
914,39-21,39,21,60,18,1,all games,Pittsburgh Steelers vs. Denver Broncos October 23 1988
915,17-17,17,17,34,0,21,all games,Kansas City Chiefs vs. New York Jets October 2 1988
916,51-27,51,27,78,24,2,all games,Indianapolis Colts vs. Houston Oilers November 29 1987
917,38-12,38,12,50,26,1,all games,Washington Redskins vs. New York Giants October 11 1987
918,47-6,47,6,53,41,1,all games,Indianapolis Colts vs. Buffalo Bills October 4 1987
919,39-20,39,20,59,19,1,all games,New York Giants vs. Denver Broncos January 25 1987
920,49-3,49,3,52,46,2,all games,New York Giants vs. San Francisco 49ers January 4 1987
921,55-24,55,24,79,31,3,all games,New York Giants vs. Green Bay Packers December 20 1986
922,44-40,44,40,84,4,1,all games,Green Bay Packers vs. Detroit Lions November 27 1986
923,13-11,13,11,24,2,2,all games,Detroit Lions vs. Philadelphia Eagles November 16 1986
924,42-41,42,41,83,1,2,all games,Kansas City Chiefs vs. San Diego Chargers October 19 1986
925,50-28,50,28,78,22,1,all games,San Diego Chargers vs. Miami Dolphins September 7 1986
926,46-10,46,10,56,36,2,all games,Chicago Bears vs. New England Patriots January 26 1986
927,46-14,46,14,60,32,1,all games,Los Angeles Rams vs. St. Louis Cardinals December 15 1985
928,50-24,50,24,74,26,1,all games,Cincinnati Bengals vs. Dallas Cowboys December 8 1985
929,54-44,54,44,98,10,1,all games,San Diego Chargers vs. Pittsburgh Steelers December 8 1985
930,62-28,62,28,90,34,1,all games,New York Jets vs. Tampa Bay Buccaneers November 17 1985
931,43-10,43,10,53,33,1,all games,Green Bay Packers vs. Detroit Lions October 6 1985
932,51-7,51,7,58,44,5,all games,San Francisco 49ers vs. Minnesota Vikings December 8 1984
933,52-24,52,24,76,28,2,all games,Pittsburgh Steelers vs. San Diego Chargers November 25 1984
934,9-5,9,5,14,4,2,all games,Indianapolis Colts vs. New York Jets November 11 1984
935,44-37,44,37,81,7,1,all games,Los Angeles Raiders vs. San Diego Chargers October 21 1984
936,33-12,33,12,45,21,4,all games,Los Angeles Rams vs. New York Giants September 30 1984
937,13-2,13,2,15,11,3,all games,Detroit Lions vs. Minnesota Vikings December 5 1983
938,7-0,7,0,7,7,93,all games,New England Patriots vs. New Orleans Saints December 4 1983
939,40-38,40,38,78,2,2,all games,Los Angeles Raiders vs. Dallas Cowboys October 23 1983
940,48-47,48,47,95,1,1,all games,Green Bay Packers vs. Washington Redskins October 17 1983
941,11-0,11,0,11,11,1,all games,Detroit Lions vs. Tampa Bay Buccaneers September 4 1983
942,50-34,50,34,84,16,2,all games,San Diego Chargers vs. Cincinnati Bengals December 20 1982
943,52-10,52,10,62,42,3,all games,Philadelphia Eagles vs. St. Louis Cardinals November 8 1981
944,28-28,28,28,56,0,15,all games,Miami Dolphins vs. New York Jets October 4 1981
945,40-30,40,30,70,10,1,all games,St. Louis Cardinals vs. Washington Redskins September 20 1981
946,47-21,47,21,68,26,2,all games,New England Patriots vs. Baltimore Colts November 23 1980
947,14-14,14,14,28,0,15,all games,Green Bay Packers vs. Tampa Bay Buccaneers October 12 1980
948,48-26,48,26,74,22,2,all games,Los Angeles Rams vs. San Francisco 49ers October 5 1980
949,51-21,51,21,72,30,3,all games,Los Angeles Rams vs. Green Bay Packers September 21 1980
950,39-24,39,24,63,15,1,all games,Miami Dolphins vs. New England Patriots November 29 1979
951,45-22,45,22,67,23,1,all games,Oakland Raiders vs. San Diego Chargers October 25 1979
952,50-19,50,19,69,31,1,all games,Oakland Raiders vs. Atlanta Falcons October 14 1979
953,10-8,10,8,18,2,1,all games,Baltimore Colts vs. New York Jets October 7 1979
954,51-35,51,35,86,16,1,all games,Pittsburgh Steelers vs. Cleveland Browns October 7 1979
955,46-31,46,31,77,15,1,all games,Buffalo Bills vs. New York Jets September 23 1979
956,56-3,56,3,59,53,2,all games,New England Patriots vs. New York Jets September 9 1979
957,34-5,34,5,39,29,1,all games,Pittsburgh Steelers vs. Houston Oilers January 7 1979
958,47-24,47,24,71,23,1,all games,Seattle Seahawks vs. Cleveland Browns December 3 1978
959,26-8,26,8,34,18,2,all games,Miami Dolphins vs. Baltimore Colts October 29 1978
960,5-0,5,0,5,5,3,all games,Buffalo Bills vs. Cincinnati Bengals October 22 1978
961,47-0,47,0,47,47,4,all games,Houston Oilers vs. Chicago Bears November 6 1977
962,58-20,58,20,78,38,2,all games,Baltimore Colts vs. Buffalo Bills December 12 1976
963,49-16,49,16,65,33,1,all games,Oakland Raiders vs. Tampa Bay Buccaneers November 28 1976
964,48-13,48,13,61,35,3,all games,Denver Broncos vs. Tampa Bay Buccaneers November 7 1976
965,46-3,46,3,49,43,1,all games,Denver Broncos vs. New York Jets September 19 1976
966,32-9,32,9,41,23,1,all games,Pittsburgh Steelers vs. Houston Oilers November 24 1975
967,52-19,52,19,71,33,1,all games,Baltimore Colts vs. New York Jets November 16 1975
968,46-13,46,13,59,33,1,all games,Miami Dolphins vs. Chicago Bears November 2 1975
969,41-26,41,26,67,15,1,all games,Oakland Raiders vs. New England Patriots December 1 1974
970,51-10,51,10,61,41,3,all games,Minnesota Vikings vs. Houston Oilers October 13 1974
971,35-35,35,35,70,0,5,all games,Denver Broncos vs. Pittsburgh Steelers September 22 1974
972,40-6,40,6,46,34,3,all games,Los Angeles Rams vs. New York Giants December 10 1973
973,33-9,33,9,42,24,1,all games,Washington Redskins vs. San Francisco 49ers November 11 1973
974,46-6,46,6,52,40,1,all games,Atlanta Falcons vs. Chicago Bears October 14 1973
975,11-3,11,3,14,8,2,all games,Minnesota Vikings vs. Green Bay Packers September 30 1973
976,61-17,61,17,78,44,1,all games,Cincinnati Bengals vs. Houston Oilers December 17 1972
977,62-10,62,10,72,52,1,all games,New York Giants vs. Philadelphia Eagles November 26 1972
978,37-2,37,2,39,35,1,all games,San Francisco 49ers vs. New Orleans Saints October 1 1972
979,49-33,49,33,82,16,1,all games,Houston Oilers vs. San Diego Chargers December 19 1971
980,42-40,42,40,82,2,1,all games,New York Giants vs. Green Bay Packers September 19 1971
981,6-2,6,2,8,4,2,all games,Dallas Cowboys vs. Cleveland Browns December 12 1970
982,31-31,31,31,62,0,6,all games,Houston Oilers vs. San Diego Chargers October 25 1970
983,56-7,56,7,63,49,4,all games,Oakland Raiders vs. Houston Oilers December 21 1969
984,49-6,49,6,55,43,2,all games,New York Giants vs. St. Louis Cardinals December 7 1969
985,43-38,43,38,81,5,1,all games,New Orleans Saints vs. San Francisco 49ers November 23 1969
986,48-31,48,31,79,17,1,all games,Atlanta Falcons vs. Chicago Bears November 16 1969
987,41-30,41,30,71,11,1,all games,Los Angeles Rams vs. San Francisco 49ers November 9 1969
988,51-42,51,42,93,9,1,all games,New Orleans Saints vs. St. Louis Cardinals November 2 1969
989,42-22,42,22,64,20,1,all games,Kansas City Chiefs vs. Cincinnati Bengals October 26 1969
990,47-23,47,23,70,24,1,all games,San Diego Chargers vs. Denver Broncos December 1 1968
991,47-13,47,13,60,34,3,all games,Cleveland Browns vs. Philadelphia Eagles November 24 1968
992,43-32,43,32,75,11,1,all games,Oakland Raiders vs. New York Jets November 17 1968
993,34-2,34,2,36,32,1,all games,Kansas City Chiefs vs. Denver Broncos September 22 1968
994,47-31,47,31,78,16,1,all games,New York Jets vs. Boston Patriots September 22 1968
995,59-13,59,13,72,46,1,all games,Dallas Cowboys vs. Detroit Lions September 15 1968
996,48-6,48,6,54,42,1,all games,Oakland Raiders vs. Buffalo Bills September 15 1968
997,41-32,41,32,73,9,1,all games,Miami Dolphins vs. Boston Patriots December 17 1967
998,46-21,46,21,67,25,2,all games,Dallas Cowboys vs. St. Louis Cardinals November 23 1967
999,44-22,44,22,66,22,1,all games,Oakland Raiders vs. Kansas City Chiefs November 23 1967
1000,42-18,42,18,60,24,1,all games,Kansas City Chiefs vs. New York Jets November 5 1967
1001,57-33,57,33,90,24,1,all games,Pittsburgh Steelers vs. Atlanta Falcons December 18 1966
1002,47-28,47,28,75,19,1,all games,Pittsburgh Steelers vs. New York Giants December 11 1966
1003,49-40,49,40,89,9,1,all games,Cleveland Browns vs. New York Giants December 4 1966
1004,72-41,72,41,113,31,1,all games,Washington Redskins vs. New York Giants November 27 1966
1005,30-30,30,30,60,0,2,all games,Chicago Bears vs. San Francisco 49ers November 13 1966
1006,58-24,58,24,82,34,1,all games,Buffalo Bills vs. Miami Dolphins September 18 1966
1007,52-13,52,13,65,39,1,all games,New York Jets vs. Houston Oilers September 18 1966
1008,61-20,61,20,81,41,1,all games,Chicago Bears vs. San Francisco 49ers December 12 1965
1009,31-2,31,2,33,29,2,all games,Dallas Cowboys vs. New York Giants September 19 1965
1010,49-39,49,39,88,10,1,all games,Kansas City Chiefs vs. Denver Broncos November 1 1964
1011,43-43,43,43,86,0,1,all games,Boston Patriots vs. Oakland Raiders October 16 1964
1012,33-33,33,33,66,0,1,all games,Cleveland Browns vs. St. Louis Cardinals September 20 1964
1013,46-28,46,28,74,18,1,all games,Boston Patriots vs. Houston Oilers December 8 1963
1014,53-7,53,7,60,46,2,all games,San Diego Chargers vs. New York Jets November 2 1963
1015,23-2,23,2,25,21,2,all games,Detroit Lions vs. Los Angeles Rams September 14 1963
1016,59-7,59,7,66,52,1,all games,Kansas City Chiefs vs. Denver Broncos September 7 1963
1017,57-0,57,0,57,57,3,all games,Chicago Bears vs. Baltimore Colts November 25 1962
1018,46-45,46,45,91,1,1,all games,New York Titans vs. Denver Broncos November 22 1962
1019,14-2,14,2,16,12,5,all games,Baltimore Colts vs. Los Angeles Rams November 11 1962
1020,49-34,49,34,83,15,1,all games,New York Giants vs. Washington Redskins October 28 1962
1021,52-35,52,35,87,17,2,all games,Chicago Bears vs. Minnesota Vikings December 17 1961
1022,43-11,43,11,54,32,1,all games,Dallas Texans vs. Oakland Raiders November 26 1961
1023,53-0,53,0,53,53,2,all games,New York Giants vs. Washington Redskins November 5 1961
1024,55-0,55,0,55,55,2,all games,Houston Oilers vs. Oakland Raiders September 9 1961
1025,48-34,48,34,82,14,1,all games,Cleveland Browns vs. New York Giants December 18 1960
1026,50-43,50,43,93,7,1,all games,Los Angeles Chargers vs. New York Titans December 18 1960
1027,38-38,38,38,76,0,1,all games,Buffalo Bills vs. Denver Broncos November 27 1960
1028,45-25,45,25,70,20,1,all games,Houston Oilers vs. Denver Broncos November 6 1960
1029,48-35,48,35,83,13,1,all games,Los Angeles Rams vs. Detroit Lions October 30 1960
1030,56-0,56,0,56,56,4,all games,Baltimore Colts vs. Green Bay Packers November 2 1958
1031,51-38,51,38,89,13,1,all games,Baltimore Colts vs. Chicago Bears October 4 1958
1032,27-2,27,2,29,25,1,all games,Pittsburgh Steelers vs. Chicago Cardinals December 22 1957
1033,58-27,58,27,85,31,1,all games,Chicago Bears vs. Baltimore Colts October 21 1956
1034,53-14,53,14,67,39,1,all games,Chicago Cardinals vs. Chicago Bears November 27 1955
1035,62-3,62,3,65,59,1,all games,Cleveland Browns vs. Washington Redskins November 7 1954
1036,55-27,55,27,82,28,1,all games,Pittsburgh Steelers vs. Cleveland Browns October 17 1954
1037,62-14,62,14,76,48,2,all games,Cleveland Browns vs. New York Giants December 6 1953
1038,45-2,45,2,47,43,1,all games,Los Angeles Rams vs. Baltimore Colts December 5 1953
1039,63-7,63,7,70,56,1,all games,Pittsburgh Steelers vs. New York Giants November 30 1952
1040,54-14,54,14,68,40,1,all games,Los Angeles Rams vs. New York Yanks September 28 1951
1041,8-3,8,3,11,5,1,all games,Cleveland Browns vs. New York Giants December 17 1950
1042,65-24,65,24,89,41,1,all games,Los Angeles Rams vs. Detroit Lions October 29 1950
1043,70-27,70,27,97,43,1,all games,Los Angeles Rams vs. Baltimore Colts October 22 1950
1044,56-20,56,20,76,36,3,all games,Philadelphia Eagles vs. Los Angeles Rams October 7 1950
1045,55-13,55,13,68,42,1,all games,Chicago Cardinals vs. Baltimore Colts October 2 1950
1046,53-27,53,27,80,26,1,all games,Los Angeles Rams vs. Washington Redskins December 11 1949
1047,65-20,65,20,85,45,1,all games,Chicago Cardinals vs. New York Bulldogs November 13 1949
1048,35-2,35,2,37,33,1,all games,Cleveland Browns vs. Chicago Hornets November 6 1949
1049,61-14,61,14,75,47,1,all games,Cleveland Browns vs. Los Angeles Dons October 14 1949
1050,56-28,56,28,84,28,1,all games,San Francisco 49ers vs. Cleveland Browns October 9 1949
1051,63-40,63,40,103,23,1,all games,San Francisco 49ers vs. Brooklyn Dodgers November 21 1948
1052,52-37,52,37,89,15,1,all games,Los Angeles Rams vs. New York Giants November 14 1948
1053,59-21,59,21,80,38,1,all games,Washington Redskins vs. Boston Yanks October 31 1948
1054,63-35,63,35,98,28,1,all games,Chicago Cardinals vs. New York Giants October 17 1948
1055,66-14,66,14,80,52,1,all games,Cleveland Browns vs. Brooklyn Dodgers December 8 1946
1056,49-25,49,25,74,24,1,all games,Philadelphia Eagles vs. Boston Yanks October 6 1946
1057,57-21,57,21,78,36,1,all games,Green Bay Packers vs. Detroit Lions October 7 1945
1058,0-0,0,0,0,0,73,all games,Detroit Lions vs. New York Giants November 7 1943
1059,54-7,54,7,61,47,1,all games,Green Bay Packers vs. Pittsburgh Steelers November 23 1941
1060,73-0,73,0,73,73,1,all games,Chicago Bears vs. Washington Redskins December 8 1940
1061,50-7,50,7,57,43,1,all games,Green Bay Packers vs. Detroit Lions November 24 1940
1062,7-5,7,5,12,2,1,all games,Washington Redskins vs. Detroit Lions October 16 1938
1063,2-0,2,0,2,2,5,all games,Chicago Bears vs. Green Bay Packers September 18 1938
1064,3-3,3,3,6,0,13,all games,Chicago Bears vs. New York Giants October 31 1937
1065,20-2,20,2,22,18,1,all games,Chicago Bears vs. Cleveland Rams October 10 1937
1066,39-0,39,0,39,39,5,all games,Detroit Lions vs. Chicago Cardinals September 28 1936
1067,64-0,64,0,64,64,1,all games,Philadelphia Eagles vs. Cincinnati Reds November 6 1934
1068,8-6,8,6,14,2,1,all games,Boston Braves vs. Chicago Cardinals November 27 1932
1069,9-2,9,2,11,7,1,all games,Green Bay Packers vs. Chicago Cardinals October 6 1929
1070,19-19,19,19,38,0,1,all games,Detroit Wolverines vs. New York Giants November 11 1928
1071,12-12,12,12,24,0,2,all games,Chicago Bears vs. Green Bay Packers September 30 1928
1072,54-0,54,0,54,54,1,all games,Frankford Yellow Jackets vs. Buffalo Bisons October 15 1927
1073,10-2,10,2,12,8,1,all games,Duluth Eskimos vs. Canton Bulldogs November 21 1926
1074,21-2,21,2,23,19,1,all games,Providence Steam Roller vs. Canton Bulldogs November 11 1926
1075,3-2,3,2,5,1,2,all games,Chicago Cardinals vs. Milwaukee Badgers October 24 1926
1076,5-3,5,3,8,2,1,all games,Frankford Yellow Jackets vs. New York Giants October 17 1925
1077,53-10,53,10,63,43,1,all games,Cleveland Bulldogs vs. Milwaukee Badgers November 27 1924
1078,17-8,17,8,25,9,1,all games,Milwaukee Badgers vs. Chicago Cardinals November 2 1924
1079,10-4,10,4,14,6,1,all games,Racine Legion vs. Chicago Cardinals November 25 1923
1080,60-0,60,0,60,60,2,all games,Chicago Cardinals vs. Rochester Jeffersons October 7 1923
1081,62-0,62,0,62,62,1,all games,Akron Pros vs. Oorang Indians October 29 1922
1082,66-0,66,0,66,66,1,all games,Rochester Jeffersons vs. Fort Porter  October 10 1920